humidity,lat,lon,peak_gust_speed,pressure,rain,rain_10min,rain_12hr,rain_1hr,rain_24hr,rain_2d,rain_3d,rain_3hr,rain_6hr,rain_now,stationId,stationName,sunshine_duration,temperature,timestamp_now,timestamp_rain,timestamp_weather,uv_index,visibility,weather,wind_dir,wind_speed
66.0,24.908472,121.185333,4.3,-99.0,,0.0,0.0,0.0,0.0,0.0,0.0,0.0,0.0,0.0,82C160,茶改場,-99.0,26.5,2025-07-07T00:00:00+08:00,2025-07-07T00:00:00+08:00,,-99,-99,陰,110.0,1.1
76.0,24.798681,120.986942,,986.7,0.0,0.0,0.0,0.0,0.0,0.0,0.0,0.0,0.0,0.0,C0D660,新竹市東區,,26.2,,2025-07-07T00:00:00+08:00,2025-07-07T00:00:00+08:00,,,,35.0,0.9
,23.952956,121.178556,,,,0.0,10.5,0.0,10.5,10.5,10.5,0.0,0.0,10.5,C1I320,奧萬大,,,,2025-07-07T00:00:00+08:00,,,,,,
91.0,23.485028,120.473806,17.2,-99.0,,1.5,21.0,10.0,21.0,21.0,88.5,19.5,20.5,21.0,G2L020,嘉義農試,-99.0,24.2,2025-07-07T00:00:00+08:00,2025-07-07T00:00:00+08:00,,-99,-99,陰有雨,110.0,7.3
,23.739861,120.870126,,,,0.0,3.0,1.0,4.0,4.5,12.0,1.0,1.0,4.0,81I550,郡坑,,,,2025-07-07T00:00:00+08:00,,,,,,
,23.325933,121.439636,,,,0.0,82.0,7.0,131.0,131.0,131.0,9.0,15.0,131.0,01S260,忠勇,,,,2025-07-07T00:00:00+08:00,,,,,,
99.0,23.366342,120.362306,,977.5,64.5,1.5,59.0,11.5,64.5,147.0,167.5,49.5,56.0,64.5,C0X260,後壁,,23.3,,2025-07-07T00:00:00+08:00,2025-07-07T00:00:00+08:00,,,,164.0,20.0
,23.706388,121.4125,,,,0.0,20.0,1.0,29.0,29.0,29.0,1.0,1.5,29.0,81T1C0,明利國小,,,,2025-07-07T00:00:00+08:00,,,,,,
98.0,23.772797,120.408944,,990.4,15.0,1.5,14.0,10.0,15.0,63.0,134.5,13.0,13.5,15.0,C0K440,二崙,,23.1,,2025-07-07T00:00:00+08:00,2025-07-07T00:00:00+08:00,,,,117.0,3.0
90.0,24.800636,121.813892,,999.2,13.5,0.0,13.5,0.0,13.5,13.5,13.5,0.0,4.0,13.5,C0U970,大福,,25.7,,2025-07-07T00:00:00+08:00,2025-07-07T00:00:00+08:00,,,,10.0,2.8
,25.131395,121.545613,,,,0.0,0.5,0.0,0.5,0.5,0.5,0.0,0.5,0.5,A1AA10,格致國中,,,,2025-07-07T00:00:00+08:00,,,,,,
90.0,24.107058,120.624103,,989.2,1.0,0.0,1.0,0.5,1.0,45.0,54.5,1.0,1.0,1.0,C0F9S0,烏日,,26.4,,2025-07-07T00:00:00+08:00,2025-07-07T00:00:00+08:00,,,,241.0,1.3
88.0,20.700856,116.73,8.6,1004.4,,0.0,0.0,0.0,10.5,19.5,25.5,0.0,0.0,10.5,468100,東沙島,-99.0,28.2,2025-07-07T00:00:00+08:00,2025-07-07T00:00:00+08:00,,-99,-99,-99,210.0,4.7
,24.655722,120.955306,,,,0.0,0.0,0.0,1.0,3.0,50.0,0.0,0.0,1.0,01E400,三灣,,,,2025-07-07T00:00:00+08:00,,,,,,
69.0,23.978875,121.139639,5.3,-99.0,,0.0,8.5,0.0,8.5,8.5,8.5,0.0,0.0,8.5,42HA10,萬大發電廠,-99.0,23.1,2025-07-07T00:00:00+08:00,2025-07-07T00:00:00+08:00,,-99,-99,陰,300.0,1.0
,24.011505,120.822421,,,,0.0,0.5,0.0,0.5,17.5,33.0,0.0,0.0,0.5,81H950,福龜國小,,,,2025-07-07T00:00:00+08:00,,,,,,
89.0,24.041897,120.699472,,985.2,1.5,0.5,1.0,0.5,1.5,42.5,48.0,1.0,1.0,1.5,C0FA50,霧峰,,25.3,,2025-07-07T00:00:00+08:00,2025-07-07T00:00:00+08:00,,,,177.0,1.6
,22.708369,120.649251,,,,0.0,77.0,46.0,107.0,110.0,110.0,68.0,69.0,107.0,01Q930,三地門,,,,2025-07-07T00:00:00+08:00,,,,,,
98.0,24.527806,120.770972,3.8,-99.0,,0.0,0.0,0.0,0.0,18.5,22.5,0.0,0.0,0.0,B2E890,新竹畜試,-99.0,25.4,2025-07-07T00:00:00+08:00,2025-07-07T00:00:00+08:00,,-99,-99,陰,0.0,0.0
71.0,24.067969,121.209389,11.4,-99.0,,0.0,12.5,0.5,12.5,12.5,12.5,1.0,1.0,12.5,C2D740,屯原,-99.0,17.9,2025-07-07T00:00:00+08:00,2025-07-07T00:00:00+08:00,,-99,-99,陰,50.0,3.9
,23.72541,120.876679,,,,0.5,4.5,1.0,6.0,6.5,12.5,1.5,2.0,6.0,81I540,上安,,,,2025-07-07T00:00:00+08:00,,,,,,
97.0,23.324361,120.582017,22.8,-99.0,,2.0,46.5,25.5,52.5,68.5,121.5,41.5,44.0,52.5,C2M410,馬頭山,-99.0,23.2,2025-07-07T00:00:00+08:00,2025-07-07T00:00:00+08:00,,-99,-99,陰有雨,150.0,12.9
,25.133897,121.498913,,,,0.0,0.0,0.0,0.0,0.0,0.0,0.0,0.0,0.0,A1A9V0,北投國小,,,,2025-07-07T00:00:00+08:00,,,,,,
90.0,24.143358,120.443536,,991.6,0.5,0.0,0.5,0.5,0.5,37.0,43.0,0.5,0.5,0.5,C0G900,線西,,27.4,,2025-07-07T00:00:00+08:00,2025-07-07T00:00:00+08:00,,,,230.0,2.3
100.0,23.150194,121.070025,,915.8,105.5,1.5,51.5,7.5,105.5,113.0,113.0,24.5,36.0,105.5,C0S660,下馬,,19.9,,2025-07-07T00:00:00+08:00,2025-07-07T00:00:00+08:00,,,,167.0,0.8
100.0,23.623426,120.172646,33.8,-99.0,,2.5,43.0,15.0,45.0,73.5,74.5,36.0,40.0,45.0,CAJ040,西濱S241K,-99.0,22.3,2025-07-07T00:00:00+08:00,2025-07-07T00:00:00+08:00,,-99,1.4,陰有雨,60.0,25.0
89.0,24.675286,121.587061,,950.8,9.5,0.0,9.5,0.0,9.5,9.5,9.5,0.0,0.5,9.5,C0U650,玉蘭,,22.1,,2025-07-07T00:00:00+08:00,2025-07-07T00:00:00+08:00,,,,256.0,0.3
95.0,23.492864,120.290611,,976.7,67.5,0.5,64.0,13.0,67.5,91.0,-99.0,55.5,59.5,67.5,C0M740,六腳,,24.2,,2025-07-07T00:00:00+08:00,2025-07-07T00:00:00+08:00,,,,91.0,9.9
100.0,23.434628,120.239019,,964.5,75.5,0.0,71.0,6.0,75.5,145.5,169.0,57.5,67.0,75.5,C0M650,朴子,,23.0,,2025-07-07T00:00:00+08:00,2025-07-07T00:00:00+08:00,,,,120.0,22.8
82.0,24.521958,121.833175,,997.4,27.5,0.0,27.5,0.0,27.5,27.5,27.5,0.5,2.0,27.5,C0U760,東澳,,26.2,,2025-07-07T00:00:00+08:00,2025-07-07T00:00:00+08:00,,,,336.0,0.8
,25.069191,121.615007,,,,0.0,0.0,0.0,0.0,0.0,0.0,0.0,0.0,0.0,A1AA50,東湖國小,,,,2025-07-07T00:00:00+08:00,,,,,,
81.0,24.618069,120.948578,,983.1,0.0,0.0,0.0,0.0,0.0,8.0,37.0,0.0,0.0,0.0,C0E850,大河,,23.2,,2025-07-07T00:00:00+08:00,2025-07-07T00:00:00+08:00,,,,166.0,0.5
,23.574615,120.746747,,,,0.0,11.0,4.0,13.0,38.0,73.0,6.0,7.0,13.0,O1M640,豐山,,,,2025-07-07T00:00:00+08:00,,,,,,
99.0,23.532742,120.843667,,833.7,17.5,2.0,12.0,4.0,17.5,28.0,44.0,6.0,6.5,17.5,C0H9A0,神木村,,16.6,,2025-07-07T00:00:00+08:00,2025-07-07T00:00:00+08:00,,,,0.0,0.0
-99.0,24.246428,120.833047,,-99.0,0.5,0.0,0.5,0.0,0.5,0.5,36.5,0.5,0.5,0.5,C0F850,東勢,,-99.0,,2025-07-07T00:00:00+08:00,2025-07-07T00:00:00+08:00,,,,-99.0,-99.0
97.0,22.507667,120.587817,,996.1,95.5,3.5,47.0,25.5,95.5,104.0,104.0,29.5,34.0,95.5,C0R950,萬隆國小,,25.1,,2025-07-07T00:00:00+08:00,2025-07-07T00:00:00+08:00,,,,226.0,7.4
94.0,22.779194,120.494589,,992.6,90.0,1.0,64.0,7.5,90.0,90.0,123.5,48.0,54.5,90.0,C0R590,里港,,25.1,,2025-07-07T00:00:00+08:00,2025-07-07T00:00:00+08:00,,,,210.0,10.1
99.0,23.474264,121.410711,,977.7,82.5,0.5,50.5,2.0,82.5,82.5,82.5,3.5,8.0,82.5,C0Z280,德武,,22.5,,2025-07-07T00:00:00+08:00,2025-07-07T00:00:00+08:00,,,,171.0,0.8
96.0,24.296465,120.643135,3.0,-99.0,,0.0,0.5,0.0,0.5,43.5,76.5,0.5,0.5,0.5,CAF090,國四E5K,-99.0,26.0,2025-07-07T00:00:00+08:00,2025-07-07T00:00:00+08:00,,-99,-99,陰,310.0,1.2
88.0,24.735922,121.81625,,996.6,15.0,0.0,15.0,0.0,15.0,15.0,15.0,0.0,5.5,15.0,C0UB20,壯圍,,26.3,,2025-07-07T00:00:00+08:00,2025-07-07T00:00:00+08:00,,,,131.0,4.7
,24.719164,121.28372,,,,0.0,1.0,0.0,1.0,4.0,4.0,0.0,0.0,1.0,01D190,鳥嘴山,,,,2025-07-07T00:00:00+08:00,,,,,,
,24.609167,121.686944,,,,0.0,12.0,0.0,12.0,12.0,12.0,0.0,1.0,12.0,88U940,寒溪,,,,2025-07-07T00:00:00+08:00,,,,,,
,23.926186,120.63801,,,,0.0,2.0,1.0,2.0,67.0,67.0,2.0,2.0,2.0,01H590,六分寮,,,,2025-07-07T00:00:00+08:00,,,,,,
,22.175595,120.836703,,,,0.0,73.0,0.0,462.0,604.0,636.0,5.0,7.0,462.0,01Q860,牡丹,,,,2025-07-07T00:00:00+08:00,,,,,,
99.0,23.761192,120.502372,,988.3,12.0,2.0,11.5,8.0,12.0,71.5,160.5,10.5,11.0,12.0,C0K480,莿桐,,22.9,,2025-07-07T00:00:00+08:00,2025-07-07T00:00:00+08:00,,,,150.0,2.5
93.0,23.038386,120.2367,35.8,995.2,,1.5,143.5,31.0,159.0,160.0,166.5,92.5,126.5,159.0,467420,永康,0.0,24.2,2025-07-07T00:00:00+08:00,2025-07-07T00:00:00+08:00,,0,-99,陰有雨,250.0,11.9
,24.538278,121.002836,,,,0.0,0.5,0.0,0.5,4.5,73.5,0.0,0.0,0.5,C1E670,南礦,,,,2025-07-07T00:00:00+08:00,,,,,,
96.0,22.829528,121.077694,3.8,-99.0,,2.0,45.0,2.5,184.5,198.5,199.0,17.5,24.5,184.5,72S200,班鳩分場,-99.0,22.2,2025-07-07T00:00:00+08:00,2025-07-07T00:00:00+08:00,,-99,-99,陰有雨,250.0,1.9
65.0,24.912375,121.143047,,975.6,0.0,0.0,0.0,0.0,0.0,0.0,0.0,0.0,0.0,0.0,C0C660,楊梅,,27.4,,2025-07-07T00:00:00+08:00,2025-07-07T00:00:00+08:00,,,,191.0,0.7
90.0,24.041289,120.437669,,992.2,2.0,0.0,1.5,1.0,2.0,41.5,47.0,1.5,1.5,2.0,C0G770,福興,,26.3,,2025-07-07T00:00:00+08:00,2025-07-07T00:00:00+08:00,,,,208.0,1.1
72.0,25.109508,121.469681,,995.4,0.0,0.0,0.0,0.0,0.0,0.0,0.0,0.0,0.0,0.0,C0A980,社子,,29.4,,2025-07-07T00:00:00+08:00,2025-07-07T00:00:00+08:00,,,,132.0,2.2
74.0,25.037822,121.564597,,987.0,0.0,0.0,0.0,0.0,0.0,0.0,0.0,0.0,0.0,0.0,C0AC70,信義,,28.6,,2025-07-07T00:00:00+08:00,2025-07-07T00:00:00+08:00,,,,97.0,2.2
98.0,23.660694,121.424964,,988.4,32.5,0.0,19.5,1.0,32.5,32.5,32.5,1.0,2.5,32.5,C0T960,光復,,23.3,,2025-07-07T00:00:00+08:00,2025-07-07T00:00:00+08:00,,,,0.0,0.1
,24.572873,121.49644,,,,0.0,10.0,0.0,10.0,10.0,10.0,0.0,0.0,10.0,01U050,土場(1),,,,2025-07-07T00:00:00+08:00,,,,,,
,23.570458,120.520964,,,,0.0,15.0,8.0,17.0,35.0,129.0,12.0,13.0,17.0,01L910,中坑(3),,,,2025-07-07T00:00:00+08:00,,,,,,
94.0,24.49773,121.568625,,792.2,17.0,0.0,17.0,0.0,17.0,17.0,17.0,0.0,0.0,17.0,C0UB80,翠峰林道6K,,15.4,,2025-07-07T00:00:00+08:00,2025-07-07T00:00:00+08:00,,,,285.0,2.7
,25.096391,121.604109,,,,0.0,0.5,0.0,0.5,0.5,0.5,0.0,0.5,0.5,A1AG20,大湖里,,,,2025-07-07T00:00:00+08:00,,,,,,
,24.368617,120.940228,,,,0.5,0.5,0.5,0.5,2.0,25.0,0.5,0.5,0.5,C1E451,象鼻,,,,2025-07-07T00:00:00+08:00,,,,,,
,24.581505,121.358179,,,,0.0,6.5,0.0,6.5,6.5,7.0,0.0,0.0,6.5,21D350,西丘斯山,,,,2025-07-07T00:00:00+08:00,,,,,,
,24.936785,121.713797,,,,0.0,8.0,0.0,8.0,8.0,8.0,0.0,4.0,8.0,L1A830,坪林,,,,2025-07-07T00:00:00+08:00,,,,,,
87.0,24.817539,121.765608,,997.8,16.5,0.0,16.5,0.0,16.5,16.5,16.5,0.0,8.0,16.5,C0U600,礁溪,,26.4,,2025-07-07T00:00:00+08:00,2025-07-07T00:00:00+08:00,,,,54.0,1.1
100.0,23.187875,120.0889,,988.7,70.0,8.0,60.0,21.0,70.0,70.5,71.0,37.5,52.5,70.0,C0N010,鯤鯓國小,,24.3,,2025-07-07T00:00:00+08:00,2025-07-07T00:00:00+08:00,,,,252.0,15.1
90.0,24.606489,120.783933,3.5,-99.0,,0.0,0.0,0.0,0.0,8.5,9.0,0.0,0.0,0.0,C2E540,龍溪,-99.0,24.8,2025-07-07T00:00:00+08:00,2025-07-07T00:00:00+08:00,,-99,-99,陰,190.0,0.8
,24.579364,121.079947,,,,0.0,6.5,0.0,6.5,7.0,8.0,0.0,0.0,6.5,C1D410,白蘭,,,,2025-07-07T00:00:00+08:00,,,,,,
91.0,24.64733,121.4293,,871.0,3.5,0.0,3.5,0.0,3.5,3.5,3.5,0.0,0.0,3.5,C0C800,四稜,,18.6,,2025-07-07T00:00:00+08:00,2025-07-07T00:00:00+08:00,,,,112.0,1.6
,24.066172,120.735194,,,,0.0,1.0,0.5,1.5,37.5,43.0,1.0,1.0,1.5,C1F9B1,桐林,,,,2025-07-07T00:00:00+08:00,,,,,,
100.0,23.119628,121.209469,,970.0,139.0,0.5,45.0,2.5,139.0,146.0,146.0,6.5,18.0,139.0,C0S740,池上,,22.2,,2025-07-07T00:00:00+08:00,2025-07-07T00:00:00+08:00,,,,0.0,0.1
94.0,24.941803,121.902956,,997.5,25.5,0.0,25.5,0.0,25.5,25.5,25.5,0.0,20.5,25.5,C0UA80,大溪漁港,,26.6,,2025-07-07T00:00:00+08:00,2025-07-07T00:00:00+08:00,,,,190.0,7.2
93.0,24.03405,120.503869,,991.7,1.5,0.0,1.5,1.0,1.5,61.0,62.0,1.5,1.5,1.5,C0G780,秀水,,26.2,,2025-07-07T00:00:00+08:00,2025-07-07T00:00:00+08:00,,,,199.0,2.0
,23.154217,120.813603,,,,4.0,27.5,14.5,50.0,51.5,53.0,17.0,17.5,50.0,C1V220,小關山,,,,2025-07-07T00:00:00+08:00,,,,,,
100.0,23.619744,120.140036,,982.5,45.5,5.0,44.0,17.5,45.5,79.0,79.5,37.0,41.0,45.5,C0K600,箔子寮,,22.6,,2025-07-07T00:00:00+08:00,2025-07-07T00:00:00+08:00,,,,45.0,21.6
97.0,23.508208,120.813242,13.5,-99.0,,3.5,19.5,9.5,28.0,41.5,70.5,12.5,12.5,28.0,467530,阿里山,0.0,13.4,2025-07-07T00:00:00+08:00,2025-07-07T00:00:00+08:00,,0,2,陰有雨,160.0,4.4
,24.588003,120.735306,,,,0.0,0.0,0.0,0.0,6.0,6.0,0.0,0.0,0.0,01E310,南勢山,,,,2025-07-07T00:00:00+08:00,,,,,,
98.0,23.568632,120.624165,5.3,-99.0,,0.0,0.0,0.0,0.0,4.5,14.5,0.0,0.0,0.0,C2M970,碧湖,-99.0,18.0,2025-07-07T00:00:00+08:00,2025-07-07T00:00:00+08:00,,-99,-99,陰,110.0,2.8
91.0,24.347817,120.705686,,980.0,0.5,0.0,0.5,0.5,0.5,49.5,55.0,0.5,0.5,0.5,C0F9Q0,外埔,,25.8,,2025-07-07T00:00:00+08:00,2025-07-07T00:00:00+08:00,,,,27.0,1.7
99.0,23.267772,120.125481,,980.0,72.5,4.0,63.0,6.0,72.5,144.5,146.5,35.5,54.0,72.5,C0X290,北門,,23.9,,2025-07-07T00:00:00+08:00,2025-07-07T00:00:00+08:00,,,,285.0,32.4
96.0,23.152831,120.230558,41.2,-99.0,,10.5,146.0,40.5,156.0,156.0,161.5,106.5,135.0,156.0,CAN020,國一S306K,-99.0,23.0,2025-07-07T00:00:00+08:00,2025-07-07T00:00:00+08:00,,-99,<1,陰有雨,240.0,25.8
61.0,24.043122,120.932781,10.1,-99.0,,0.0,1.5,0.0,1.5,15.0,27.0,0.0,0.0,1.5,C2H9W0,大坪頂農水,-99.0,25.7,2025-07-07T00:00:00+08:00,2025-07-07T00:00:00+08:00,,-99,-99,陰,50.0,3.7
99.0,22.725647,120.252675,,998.2,105.5,1.5,75.0,15.0,105.5,105.5,105.5,24.5,45.5,105.5,C0V850,蚵仔寮,,24.6,,2025-07-07T00:00:00+08:00,2025-07-07T00:00:00+08:00,,,,225.0,20.5
,24.970278,121.926111,,,,0.0,54.0,0.0,54.0,54.0,54.0,0.0,46.5,54.0,81U890,大里國小,,,,2025-07-07T00:00:00+08:00,,,,,,
94.0,24.225972,120.800917,1.4,-99.0,,0.0,1.0,0.5,1.0,2.0,67.0,0.5,0.5,1.0,K2F750,種苗繁殖,-99.0,23.5,2025-07-07T00:00:00+08:00,2025-07-07T00:00:00+08:00,,-99,-99,陰,350.0,0.6
,23.267835,120.501621,,,,4.0,51.5,21.0,58.5,80.0,159.5,46.5,49.0,58.5,81O960,崁頭山,,,,2025-07-07T00:00:00+08:00,,,,,,
100.0,23.682947,121.5274,,922.2,43.0,0.5,24.0,1.5,43.0,43.0,43.0,1.5,2.5,43.0,C0T9H0,加路蘭山,,20.1,,2025-07-07T00:00:00+08:00,2025-07-07T00:00:00+08:00,,,,299.0,1.1
93.0,23.551742,120.428444,,986.3,35.0,1.5,32.5,14.5,35.0,42.0,75.0,28.0,30.5,35.0,C0M760,民雄,,23.8,,2025-07-07T00:00:00+08:00,2025-07-07T00:00:00+08:00,,,,78.0,4.5
-99.0,24.107155,120.554482,7.3,-99.0,,0.0,0.5,0.5,0.5,42.5,43.5,0.5,0.5,-99.0,CAG050,國三N196K,-99.0,-99.0,2025-07-07T00:00:00+08:00,2025-07-07T00:00:00+08:00,,-99,-99,陰,-99.0,-99.0
,23.934019,120.811994,,,,0.5,1.5,0.5,2.0,2.0,20.0,1.0,1.0,2.0,C1I211,蘆竹湳,,,,2025-07-07T00:00:00+08:00,,,,,,
88.0,24.59594,120.86071,3.7,-99.0,,0.0,0.0,0.0,0.5,15.5,21.0,0.0,0.0,0.5,CAE030,國一S123K,-99.0,25.3,2025-07-07T00:00:00+08:00,2025-07-07T00:00:00+08:00,,-99,-99,陰,230.0,0.5
100.0,23.296581,120.385592,,983.2,85.5,3.0,78.0,14.5,85.5,90.5,135.5,65.0,73.5,85.5,C0X050,東河,,23.1,,2025-07-07T00:00:00+08:00,2025-07-07T00:00:00+08:00,,,,163.0,16.1
96.0,23.903319,120.376069,,991.4,5.0,1.0,4.5,3.0,5.0,72.5,92.0,4.0,4.0,5.0,C0G730,二林,,24.2,,2025-07-07T00:00:00+08:00,2025-07-07T00:00:00+08:00,,,,52.0,1.7
,24.526914,120.830806,,,,0.0,0.0,0.0,0.0,32.5,37.5,0.0,0.0,0.0,C1E770,公館,,,,2025-07-07T00:00:00+08:00,,,,,,
96.0,23.848253,120.386764,,991.7,7.5,0.5,7.0,4.5,7.5,49.5,79.5,6.0,6.5,7.5,C0G940,竹塘,,23.6,,2025-07-07T00:00:00+08:00,2025-07-07T00:00:00+08:00,,,,108.0,0.7
91.0,22.742908,120.743678,,-99.0,97.5,6.0,61.5,47.5,97.5,99.5,99.5,56.5,57.5,97.5,C0R130,阿禮,,19.4,,2025-07-07T00:00:00+08:00,2025-07-07T00:00:00+08:00,,,,270.0,1.3
,22.379592,120.858181,,,,0.0,100.0,0.0,283.0,377.0,378.0,7.0,31.0,283.0,01S360,紹家,,,,2025-07-07T00:00:00+08:00,,,,,,
70.0,24.974944,121.402008,,989.6,0.0,0.0,0.0,0.0,0.0,0.0,0.0,0.0,0.0,0.0,C0A520,山佳,,29.7,,2025-07-07T00:00:00+08:00,2025-07-07T00:00:00+08:00,,,,27.0,6.4
,23.217557,121.32297,,,,0.0,41.0,1.0,106.0,108.0,108.0,4.0,11.0,106.0,01T9J0,六十石山,,,,2025-07-07T00:00:00+08:00,,,,,,
100.0,23.74633,120.467926,9.6,-99.0,,2.0,13.5,10.0,14.0,107.0,184.0,13.0,13.0,14.0,CAJ020,國一N234K,-99.0,22.8,2025-07-07T00:00:00+08:00,2025-07-07T00:00:00+08:00,,-99,2.7,陰有雨,150.0,5.5
100.0,23.89525,121.549833,,997.5,-99.0,,,,,,,,,,C0Z100,東華,,23.9,,,2025-07-07T00:00:00+08:00,,,,0.0,0.1
91.0,24.74435,121.722472,,996.4,17.5,0.0,17.5,0.0,17.5,17.5,17.5,0.0,10.5,17.5,C0U990,員山,,25.5,,2025-07-07T00:00:00+08:00,2025-07-07T00:00:00+08:00,,,,360.0,1.4
98.0,22.485911,120.502736,,1000.3,93.0,1.0,51.0,18.0,93.0,98.0,98.0,34.0,36.0,93.0,C0R580,南州,,25.5,,2025-07-07T00:00:00+08:00,2025-07-07T00:00:00+08:00,,,,243.0,6.8
97.0,24.030322,120.549461,,990.4,1.5,0.0,1.0,0.5,1.5,26.0,26.5,1.0,1.0,1.5,C0G910,花壇,,-99.0,,2025-07-07T00:00:00+08:00,2025-07-07T00:00:00+08:00,,,,167.0,2.2
98.0,22.478205,120.415136,,1001.1,105.5,2.0,67.5,10.5,105.5,108.5,108.5,44.0,50.5,105.5,C0V900,汕尾,,25.7,,2025-07-07T00:00:00+08:00,2025-07-07T00:00:00+08:00,,,,236.0,10.0
93.0,24.332372,120.717144,4.5,-99.0,,0.0,0.5,0.5,0.5,31.0,49.0,0.5,0.5,0.5,CAF950,國一N158K,-99.0,24.8,2025-07-07T00:00:00+08:00,2025-07-07T00:00:00+08:00,,-99,7-10,陰,80.0,1.6
100.0,24.432739,121.303808,,-99.0,8.5,0.0,8.5,0.0,8.5,8.5,8.5,0.0,0.5,8.5,C0F9Y0,桃山,,8.8,,2025-07-07T00:00:00+08:00,2025-07-07T00:00:00+08:00,,,,241.0,2.3
100.0,23.545133,120.675197,9.6,-99.0,,2.0,20.5,13.0,24.0,72.0,121.0,17.0,18.5,24.0,C2M620,瑞里,-99.0,18.0,2025-07-07T00:00:00+08:00,2025-07-07T00:00:00+08:00,,-99,-99,陰有雨,100.0,3.1
,24.705412,121.183143,,,,0.0,1.0,0.0,1.0,2.5,2.5,0.0,0.0,1.0,81D650,內灣國小,,,,2025-07-07T00:00:00+08:00,,,,,,
91.0,24.763975,121.756528,6.2,998.4,,0.0,15.5,0.0,15.5,15.5,15.5,0.0,6.5,15.5,467080,宜蘭,3.2,25.9,2025-07-07T00:00:00+08:00,2025-07-07T00:00:00+08:00,,0,>30,陰,70.0,2.8
79.0,24.882853,121.265547,,971.2,0.0,0.0,0.0,0.0,0.0,0.0,0.0,0.0,0.0,0.0,C0C630,大溪,,25.1,,2025-07-07T00:00:00+08:00,2025-07-07T00:00:00+08:00,,,,180.0,2.4
85.0,24.950944,121.030583,3.3,-99.0,,0.0,0.0,0.0,0.0,0.0,0.0,0.0,0.0,0.0,72C440,桃園農改,-99.0,25.9,2025-07-07T00:00:00+08:00,2025-07-07T00:00:00+08:00,,-99,-99,陰,190.0,0.9
,23.169246,121.041436,,,,0.0,50.0,5.0,102.0,110.0,110.0,20.0,33.0,102.0,01S430,霧鹿,,,,2025-07-07T00:00:00+08:00,,,,,,
,24.2775,121.263333,,,,0.0,12.0,0.0,12.0,12.0,12.0,0.0,0.0,12.0,81F970,松茂部落,,,,2025-07-07T00:00:00+08:00,,,,,,
,25.155898,121.489815,,,,0.0,0.0,0.0,0.0,0.0,0.0,0.0,0.0,0.0,A1AD80,貴子坑,,,,2025-07-07T00:00:00+08:00,,,,,,
,24.080775,120.962997,,,,0.0,1.5,0.0,1.5,1.5,7.0,0.0,0.0,1.5,C1H900,清流,,,,2025-07-07T00:00:00+08:00,,,,,,
69.0,25.00235,121.575728,,989.2,0.5,0.0,0.5,0.0,0.5,0.5,0.5,0.0,0.0,0.5,C0AC80,文山,,28.8,,2025-07-07T00:00:00+08:00,2025-07-07T00:00:00+08:00,,,,108.0,2.2
92.0,22.416211,120.926942,,998.9,270.0,0.5,93.0,1.0,270.0,369.5,373.0,6.0,16.5,270.0,C0S970,加津林,,25.7,,2025-07-07T00:00:00+08:00,2025-07-07T00:00:00+08:00,,,,255.0,2.9
,23.278428,121.271983,,,,0.0,41.0,1.0,91.0,91.0,91.0,3.0,10.0,91.0,O1T810,卓清國小,,,,2025-07-07T00:00:00+08:00,,,,,,
88.0,23.464644,120.554144,,968.0,33.0,2.0,30.5,19.5,33.0,33.0,153.5,26.5,28.5,33.0,C0M720,番路,,24.2,,2025-07-07T00:00:00+08:00,2025-07-07T00:00:00+08:00,,,,129.0,7.5
,25.030298,121.490307,,,,0.0,0.0,0.0,0.0,0.0,0.0,0.0,0.0,0.0,A1AB20,雙園,,,,2025-07-07T00:00:00+08:00,,,,,,
-99.0,23.763919,120.788061,1.2,-99.0,,0.5,3.5,2.0,4.5,4.5,14.5,2.5,2.5,4.5,C2H9U0,鳳鵬,-99.0,22.0,2025-07-07T00:00:00+08:00,2025-07-07T00:00:00+08:00,,-99,-99,陰有雨,160.0,0.6
,23.173338,120.595163,,,,0.0,65.0,25.0,75.0,76.0,80.0,58.0,61.0,75.0,01O760,關山,,,,2025-07-07T00:00:00+08:00,,,,,,
99.0,23.368928,121.382931,,900.2,104.5,0.0,53.5,2.0,104.5,105.5,106.0,5.5,13.0,104.5,C0Z290,赤柯山,,18.6,,2025-07-07T00:00:00+08:00,2025-07-07T00:00:00+08:00,,,,35.0,1.3
,24.017338,121.088627,,,,0.0,7.5,0.0,7.5,7.5,8.0,0.0,0.0,7.5,88H890,南豐,,,,2025-07-07T00:00:00+08:00,,,,,,
,25.029293,121.582905,,,,0.0,0.5,0.0,0.5,0.5,0.5,0.0,0.5,0.5,A1AG40,四獸山,,,,2025-07-07T00:00:00+08:00,,,,,,
76.0,25.002703,121.628328,,985.9,2.0,0.0,2.0,0.0,2.0,2.0,2.0,0.0,0.5,2.0,C0AH80,深坑,,28.6,,2025-07-07T00:00:00+08:00,2025-07-07T00:00:00+08:00,,,,119.0,3.6
88.0,23.875611,120.913583,3.0,-99.0,,0.5,3.0,1.0,4.5,4.5,8.5,1.0,1.0,4.5,82H320,魚池茶改,-99.0,20.4,2025-07-07T00:00:00+08:00,2025-07-07T00:00:00+08:00,,-99,-99,陰有雨,280.0,0.4
,25.034164,121.619664,,,,0.0,1.5,0.0,1.5,1.5,1.5,0.0,0.5,1.5,C1AI50,國三N016K,,,,2025-07-07T00:00:00+08:00,,,,,,
,23.006248,121.173241,,,,0.0,44.0,1.0,151.0,159.0,159.0,7.0,16.0,151.0,01S860,電光,,,,2025-07-07T00:00:00+08:00,,,,,,
81.0,24.996414,121.651931,14.1,-99.0,,0.0,3.5,0.0,3.5,3.5,3.5,0.5,1.5,3.5,CAAD60,國五S005K,-99.0,27.3,2025-07-07T00:00:00+08:00,2025-07-07T00:00:00+08:00,,-99,7-10,陰,160.0,5.0
100.0,22.520969,120.89185,,949.9,275.5,2.5,87.0,6.5,275.5,349.5,352.5,15.0,33.0,275.5,C0SA00,歷坵,,22.4,,2025-07-07T00:00:00+08:00,2025-07-07T00:00:00+08:00,,,,144.0,1.2
,23.529649,120.739968,,,,0.0,14.0,7.0,18.0,87.0,137.0,9.0,10.0,18.0,O1M650,外來吉,,,,2025-07-07T00:00:00+08:00,,,,,,
98.0,23.634556,120.477333,11.4,-99.0,,1.0,22.5,15.0,24.5,50.0,80.0,20.0,21.5,24.5,72K220,雲林分場,-99.0,23.1,2025-07-07T00:00:00+08:00,2025-07-07T00:00:00+08:00,,-99,-99,陰有雨,80.0,5.3
79.0,24.206469,120.902794,6.2,-99.0,,0.0,1.0,0.5,1.0,1.5,9.0,1.0,1.0,1.0,C2FB50,出雲,-99.0,20.4,2025-07-07T00:00:00+08:00,2025-07-07T00:00:00+08:00,,-99,-99,陰,200.0,1.7
56.0,24.8284,121.40888,,899.4,1.0,0.0,1.0,0.0,1.0,1.0,1.0,0.0,0.0,1.0,C0C790,東眼山,,26.2,,2025-07-07T00:00:00+08:00,2025-07-07T00:00:00+08:00,,,,267.0,2.3
92.0,24.345061,120.588025,,990.3,0.5,0.0,0.5,0.0,0.5,27.5,57.5,0.5,0.5,0.5,C0F9K0,大安,,26.8,,2025-07-07T00:00:00+08:00,2025-07-07T00:00:00+08:00,,,,30.0,1.6
70.0,25.027072,121.153317,,986.3,0.0,0.0,0.0,0.0,0.0,0.0,0.0,0.0,0.0,0.0,C0C590,觀音,,27.1,,2025-07-07T00:00:00+08:00,2025-07-07T00:00:00+08:00,,,,111.0,1.9
,23.496606,120.663506,,,,2.0,25.5,17.5,28.5,36.0,127.0,22.0,23.5,28.5,C1M610,石磐龍,,,,2025-07-07T00:00:00+08:00,,,,,,
,23.309037,120.459288,,,,0.0,63.0,14.0,69.0,77.0,182.0,58.0,62.0,69.0,01O080,六溪,,,,2025-07-07T00:00:00+08:00,,,,,,
97.0,23.901669,120.509389,,989.3,3.0,0.5,3.0,2.0,3.0,25.5,40.0,3.0,3.0,3.0,C0G820,田尾,,24.8,,2025-07-07T00:00:00+08:00,2025-07-07T00:00:00+08:00,,,,120.0,1.6
92.0,23.897647,120.5862,,989.1,2.5,0.0,2.5,1.5,2.5,28.0,49.0,2.0,2.0,2.5,C0G860,社頭,,25.3,,2025-07-07T00:00:00+08:00,2025-07-07T00:00:00+08:00,,,,158.0,0.6
,22.82325,121.009389,,,,4.5,73.0,7.0,236.5,278.0,295.5,35.5,47.5,236.5,C1SA50,利嘉林道,,,,2025-07-07T00:00:00+08:00,,,,,,
,23.224869,121.412806,,,,3.0,91.0,9.5,145.5,146.0,146.0,12.5,19.5,145.5,81S910,膽曼,,,,2025-07-07T00:00:00+08:00,,,,,,
95.0,22.279725,120.889208,,1000.0,386.0,1.5,112.0,2.5,386.0,495.5,525.5,6.5,16.5,386.0,C0S840,南田,,25.3,,2025-07-07T00:00:00+08:00,2025-07-07T00:00:00+08:00,,,,0.0,0.0
99.0,23.866003,120.452806,,990.2,5.0,0.5,5.0,3.0,5.0,32.5,69.5,4.5,4.5,5.0,C0G830,埤頭,,24.3,,2025-07-07T00:00:00+08:00,2025-07-07T00:00:00+08:00,,,,107.0,1.8
87.0,25.017842,121.942083,13.6,-99.0,,0.0,77.5,0.0,77.5,77.5,77.5,0.0,70.5,77.5,C2A880,福隆,-99.0,27.2,2025-07-07T00:00:00+08:00,2025-07-07T00:00:00+08:00,,-99,-99,陰,150.0,4.5
80.0,25.094819,121.717128,,991.8,2.5,0.0,2.5,0.0,2.5,2.5,2.5,0.0,2.0,2.5,C0B010,七堵,,28.9,,2025-07-07T00:00:00+08:00,2025-07-07T00:00:00+08:00,,,,124.0,5.8
,23.793611,120.710833,,,,0.0,2.5,1.0,3.0,20.0,49.5,2.0,2.0,3.0,81H980,車籠埔,,,,2025-07-07T00:00:00+08:00,,,,,,
91.0,23.812553,120.849792,,961.4,3.5,0.5,2.5,0.5,3.5,3.5,4.5,0.5,0.5,3.5,C0I360,水里,,23.4,,2025-07-07T00:00:00+08:00,2025-07-07T00:00:00+08:00,,,,298.0,0.8
,24.728728,121.226523,,,,0.0,0.0,0.0,0.0,1.0,1.0,0.0,0.0,0.0,81D630,尖石國小,,,,2025-07-07T00:00:00+08:00,,,,,,
,24.789844,120.952712,,,,0.0,0.0,0.0,0.0,0.0,0.0,0.0,0.0,0.0,O1D590,成德中學,,,,2025-07-07T00:00:00+08:00,,,,,,
98.0,22.709333,120.525889,13.5,-99.0,,2.0,89.0,30.0,117.0,118.0,118.0,73.5,78.5,117.0,72Q010,高雄農改,-99.0,24.3,2025-07-07T00:00:00+08:00,2025-07-07T00:00:00+08:00,,-99,-99,陰有雨,200.0,3.4
99.0,23.102614,120.227839,,992.0,99.5,3.5,87.0,21.5,99.5,99.5,108.0,47.5,73.0,99.5,C0X150,安定,,23.7,,2025-07-07T00:00:00+08:00,2025-07-07T00:00:00+08:00,,,,260.0,12.2
100.0,23.470489,120.955994,,634.6,-99.0,,,,,,,,,,C0I520,玉山風口,,6.5,,,2025-07-07T00:00:00+08:00,,,,171.0,1.9
97.0,23.689722,120.851117,1.4,-99.0,,0.0,4.5,1.0,6.0,7.0,15.5,1.5,2.0,6.0,U2HA40,臺大內茅埔,-99.0,21.2,2025-07-07T00:00:00+08:00,2025-07-07T00:00:00+08:00,,-99,-99,陰,240.0,0.3
86.0,22.479997,120.466058,15.5,-99.0,,1.5,65.0,16.0,104.5,109.5,109.5,40.0,43.5,104.5,12Q970,東港工作站,-99.0,25.3,2025-07-07T00:00:00+08:00,2025-07-07T00:00:00+08:00,,-99,-99,陰有雨,260.0,5.9
,24.858889,121.36,,,,0.0,0.0,0.0,0.0,0.0,0.0,0.0,0.0,0.0,81AI00,五寮國小,,,,2025-07-07T00:00:00+08:00,,,,,,
96.0,23.5626,119.468436,,990.9,28.5,0.5,24.0,1.5,28.5,44.5,44.5,3.0,10.5,28.5,C0W120,西嶼,,25.5,,2025-07-07T00:00:00+08:00,2025-07-07T00:00:00+08:00,,,,329.0,18.8
69.0,23.953536,120.833183,8.3,-99.0,,0.0,2.0,0.5,2.0,2.0,13.5,0.5,0.5,2.0,C2H9S0,龍南,-99.0,23.4,2025-07-07T00:00:00+08:00,2025-07-07T00:00:00+08:00,,-99,-99,陰,10.0,3.1
92.0,23.526167,120.555497,,977.4,22.5,1.5,20.0,11.5,22.5,32.5,188.0,16.5,18.0,22.5,C0M700,竹崎,,23.5,,2025-07-07T00:00:00+08:00,2025-07-07T00:00:00+08:00,,,,134.0,5.2
,24.221361,120.841069,,,,0.0,1.0,0.5,1.0,1.5,48.0,0.5,0.5,1.0,C1F911,新伯公,,,,2025-07-07T00:00:00+08:00,,,,,,
71.0,25.01125,121.508111,,992.1,0.0,0.0,0.0,0.0,0.0,0.0,0.0,0.0,0.0,0.0,C0AH10,永和,,29.5,,2025-07-07T00:00:00+08:00,2025-07-07T00:00:00+08:00,,,,105.0,3.9
,24.575833,121.844167,,,,0.0,23.0,0.0,23.0,23.0,23.0,0.0,6.0,23.0,81U910,永樂國小,,,,2025-07-07T00:00:00+08:00,,,,,,
,23.619266,120.927817,,,,0.0,9.0,2.0,15.0,16.0,23.0,3.0,4.0,15.0,01H390,望鄉,,,,2025-07-07T00:00:00+08:00,,,,,,
,24.766464,121.119178,,,,0.0,0.5,0.0,0.5,0.5,0.5,0.0,0.0,0.5,C1D630,飛鳳山,,,,2025-07-07T00:00:00+08:00,,,,,,
68.0,25.0111,121.448716,,991.4,0.0,0.0,0.0,0.0,0.0,0.5,0.5,0.0,0.0,0.0,C0AJ80,板橋,,28.5,,2025-07-07T00:00:00+08:00,2025-07-07T00:00:00+08:00,,,,81.0,3.1
63.0,24.928708,121.283289,,976.8,0.0,0.0,0.0,0.0,0.0,0.0,0.0,0.0,0.0,0.0,C0C490,八德,,28.1,,2025-07-07T00:00:00+08:00,2025-07-07T00:00:00+08:00,,,,125.0,2.9
100.0,22.430439,120.8938,,902.8,309.0,1.0,101.0,1.5,309.0,405.5,412.5,12.0,38.0,309.0,C0S980,勝林山,,20.6,,2025-07-07T00:00:00+08:00,2025-07-07T00:00:00+08:00,,,,233.0,5.7
88.0,24.370625,120.620067,,990.5,0.5,0.0,0.5,0.5,0.5,27.5,29.0,0.5,0.5,0.5,C0FB70,大甲溪埔,,26.5,,2025-07-07T00:00:00+08:00,2025-07-07T00:00:00+08:00,,,,26.0,1.7
89.0,24.118546,120.585747,3.5,-99.0,,0.0,0.5,0.5,0.5,51.0,54.0,0.5,0.5,0.5,CAF040,國一S188K,-99.0,26.6,2025-07-07T00:00:00+08:00,2025-07-07T00:00:00+08:00,,-99,-99,陰,270.0,0.9
79.0,25.064433,121.381972,13.8,-99.0,,0.0,0.0,0.0,0.0,0.0,0.0,0.0,0.0,0.0,CAA990,國一N039K,-99.0,26.8,2025-07-07T00:00:00+08:00,2025-07-07T00:00:00+08:00,,-99,>30,陰,100.0,6.5
81.0,26.358836,120.483631,13.4,-99.0,,0.0,0.0,0.0,0.0,0.0,0.0,0.0,0.0,0.0,CAW010,東引,-99.0,27.7,2025-07-07T00:00:00+08:00,2025-07-07T00:00:00+08:00,,-99,11-15,陰,50.0,6.4
86.0,25.095742,121.7403,,987.8,4.5,0.0,4.5,0.0,4.5,4.5,4.5,0.0,3.5,4.5,C0B060,暖暖,,28.2,,2025-07-07T00:00:00+08:00,2025-07-07T00:00:00+08:00,,,,115.0,7.7
,25.092496,121.51671,,,,0.0,0.0,0.0,0.0,0.0,0.0,0.0,0.0,0.0,A1A9W0,陽明高中,,,,2025-07-07T00:00:00+08:00,,,,,,
,23.678381,120.760017,,,,1.5,9.0,4.0,11.5,12.0,34.5,5.5,6.0,11.5,C1I121,大鞍,,,,2025-07-07T00:00:00+08:00,,,,,,
97.0,24.15295,120.572117,3.2,-99.0,,0.5,1.5,0.5,1.5,82.0,103.0,1.0,1.0,1.5,C2F000,大肚,-99.0,25.3,2025-07-07T00:00:00+08:00,2025-07-07T00:00:00+08:00,,-99,-99,陰有雨,0.0,0.2
,23.6906,120.851828,,,,0.0,4.0,1.0,6.0,7.0,16.0,2.0,2.0,6.0,01H780,內茅埔(2),,,,2025-07-07T00:00:00+08:00,,,,,,
69.0,24.026875,121.1205,7.4,-99.0,,0.0,8.5,0.0,8.5,8.5,13.5,0.0,0.0,8.5,C2H9N0,仁愛東眼,-99.0,21.0,2025-07-07T00:00:00+08:00,2025-07-07T00:00:00+08:00,,-99,-99,陰,120.0,2.1
80.0,25.00194,121.5975,17.2,-99.0,,0.0,1.5,0.0,1.5,1.5,1.5,0.0,0.0,1.5,CAA090,國三甲005K,-99.0,28.3,2025-07-07T00:00:00+08:00,2025-07-07T00:00:00+08:00,,-99,>30,陰,60.0,5.8
92.0,22.467947,120.582894,,999.0,106.0,1.0,56.0,38.0,106.0,116.5,116.5,41.0,44.0,106.0,C0R550,新埤,,25.3,,2025-07-07T00:00:00+08:00,2025-07-07T00:00:00+08:00,,,,244.0,4.9
92.0,24.275964,120.547681,3.2,-99.0,,0.0,0.0,0.0,0.0,37.5,75.5,0.0,0.0,0.0,CAF100,西濱N151K,-99.0,27.0,2025-07-07T00:00:00+08:00,2025-07-07T00:00:00+08:00,,-99,>30,陰,30.0,0.6
,24.680365,121.246763,,,,0.0,2.0,0.0,2.0,4.5,4.5,0.0,0.0,2.0,81D640,錦屏國小,,,,2025-07-07T00:00:00+08:00,,,,,,
,24.461667,120.863889,,,,0.0,0.0,0.0,0.0,26.0,38.5,0.0,0.0,0.0,81E710,開礦國小,,,,2025-07-07T00:00:00+08:00,,,,,,
99.0,23.737456,120.417944,,990.5,16.5,2.5,15.5,11.5,16.5,99.0,152.5,14.0,15.0,16.5,C0K580,高鐵雲林,,22.7,,2025-07-07T00:00:00+08:00,2025-07-07T00:00:00+08:00,,,,103.0,1.9
94.0,22.709889,120.639944,,989.9,100.5,3.5,72.0,45.0,100.5,101.0,101.0,64.5,65.5,100.5,C0R150,三地門,,23.7,,2025-07-07T00:00:00+08:00,2025-07-07T00:00:00+08:00,,,,204.0,1.9
,24.769203,121.225244,,,,0.0,0.0,0.0,0.0,1.0,1.0,0.0,0.0,0.0,81D760,錦山國小,,,,2025-07-07T00:00:00+08:00,,,,,,
98.0,22.804194,120.355528,,993.9,104.0,2.0,79.5,12.5,104.0,104.5,108.0,40.0,62.0,104.0,C0V400,阿公店,,24.4,,2025-07-07T00:00:00+08:00,2025-07-07T00:00:00+08:00,,,,250.0,6.0
92.0,24.051142,120.909361,1.5,-99.0,,0.0,1.5,0.5,1.5,16.5,23.0,0.5,0.5,1.5,C2H9G0,百勝,-99.0,21.6,2025-07-07T00:00:00+08:00,2025-07-07T00:00:00+08:00,,-99,-99,陰,160.0,0.4
99.0,23.493903,120.699253,,855.2,29.5,3.0,24.5,15.0,29.5,45.5,104.0,19.5,21.0,29.5,C0M530,奮起湖,,18.2,,2025-07-07T00:00:00+08:00,2025-07-07T00:00:00+08:00,,,,13.0,0.6
67.0,25.084275,121.265767,,991.0,0.0,0.0,0.0,0.0,0.0,0.0,0.0,0.0,0.0,0.0,C0C620,蘆竹,,28.7,,2025-07-07T00:00:00+08:00,2025-07-07T00:00:00+08:00,,,,118.0,6.0
,22.675384,120.686784,,,,0.0,83.0,56.0,119.0,127.0,127.0,71.0,73.0,119.0,01Q920,新瑪家,,,,2025-07-07T00:00:00+08:00,,,,,,
67.0,25.091966,121.192505,10.9,-99.0,,0.0,0.0,0.0,0.0,0.0,0.0,0.0,0.0,0.0,CAC060,西濱S032K,-99.0,28.4,2025-07-07T00:00:00+08:00,2025-07-07T00:00:00+08:00,,-99,16-20,陰,40.0,5.3
,23.595278,120.596944,,,,1.0,10.5,6.0,10.5,30.0,12.0,9.0,9.5,10.5,88K590,華山,,,,2025-07-07T00:00:00+08:00,,,,,,
,23.405748,121.320127,,,,0.0,39.0,1.0,74.0,78.0,83.0,2.0,7.0,74.0,O1T820,太平國小,,,,2025-07-07T00:00:00+08:00,,,,,,
68.0,24.699317,121.427133,14.6,-99.0,,0.0,4.5,0.0,4.5,4.5,4.5,0.0,0.0,4.5,CAC040,拉拉山,-99.0,21.0,2025-07-07T00:00:00+08:00,2025-07-07T00:00:00+08:00,,-99,-99,陰,160.0,6.9
98.0,22.975481,120.466769,,989.5,117.0,6.0,99.5,15.0,117.0,117.0,145.0,82.0,94.0,117.0,C0V360,內門,,23.4,,2025-07-07T00:00:00+08:00,2025-07-07T00:00:00+08:00,,,,198.0,6.9
87.0,24.173142,120.722289,,977.9,0.5,0.0,0.5,0.0,0.5,13.0,65.0,0.5,0.5,0.5,C0F970,大坑,,27.7,,2025-07-07T00:00:00+08:00,2025-07-07T00:00:00+08:00,,,,201.0,0.3
90.0,25.036003,121.864242,,992.8,39.0,0.0,39.0,0.0,39.0,39.0,39.0,0.0,32.0,39.0,C0A890,雙溪,,27.7,,2025-07-07T00:00:00+08:00,2025-07-07T00:00:00+08:00,,,,29.0,1.0
95.0,23.798783,120.217717,12.5,-99.0,,1.0,14.5,9.0,15.0,34.0,62.5,12.0,13.0,15.0,A0K420,麥寮,-99.0,23.8,2025-07-07T00:00:00+08:00,2025-07-07T00:00:00+08:00,,-99,-99,陰有雨,40.0,8.5
95.0,23.922303,120.320025,6.7,-99.0,,1.0,4.5,2.5,5.0,51.5,64.5,4.0,4.0,5.0,C2G870,芳苑,-99.0,25.0,2025-07-07T00:00:00+08:00,2025-07-07T00:00:00+08:00,,-99,-99,陰有雨,50.0,1.5
93.0,24.601775,121.000214,,969.6,2.0,0.0,2.0,0.0,2.0,5.0,68.5,0.0,0.0,2.0,C0E430,南庄,,22.5,,2025-07-07T00:00:00+08:00,2025-07-07T00:00:00+08:00,,,,193.0,0.5
,23.561737,120.922408,,,,0.5,8.0,1.5,12.0,12.0,15.5,2.5,2.5,12.0,81HB40,東埔吊橋,,,,2025-07-07T00:00:00+08:00,,,,,,
74.0,23.911108,120.846556,7.0,-99.0,,0.5,2.5,0.5,3.0,4.0,13.0,1.0,1.0,3.0,C2H9E0,國姓南港,-99.0,21.7,2025-07-07T00:00:00+08:00,2025-07-07T00:00:00+08:00,,-99,-99,陰有雨,50.0,1.8
96.0,23.881975,120.289544,,989.9,5.5,0.5,5.0,3.0,5.5,45.5,69.0,4.5,4.5,5.5,C0G970,三豐,,24.2,,2025-07-07T00:00:00+08:00,2025-07-07T00:00:00+08:00,,,,55.0,5.8
100.0,24.143442,121.272547,,672.5,17.5,0.0,17.5,1.5,17.5,17.5,17.5,1.5,1.5,17.5,C0H9C0,合歡山頂,,9.5,,2025-07-07T00:00:00+08:00,2025-07-07T00:00:00+08:00,,,,136.0,10.6
,22.590969,120.933236,,,,2.5,86.0,4.0,262.0,321.0,321.0,18.5,41.5,262.0,C1S820,金峰,,,,2025-07-07T00:00:00+08:00,,,,,,
92.0,24.437042,120.778219,3.1,-99.0,,0.0,0.0,0.0,0.0,71.5,73.5,0.0,0.0,0.0,CAE560,國一S144K,-99.0,24.0,2025-07-07T00:00:00+08:00,2025-07-07T00:00:00+08:00,,-99,7-10,陰有靄,70.0,0.8
,22.112611,120.756597,,,,0.0,30.0,0.0,213.5,302.5,320.0,2.5,3.0,213.5,C1R290,石門山,,,,2025-07-07T00:00:00+08:00,,,,,,
98.0,22.812222,120.314166,14.1,-99.0,,1.5,124.5,14.5,149.0,149.0,150.5,54.5,99.0,149.0,CAP020,國一S346K,-99.0,24.3,2025-07-07T00:00:00+08:00,2025-07-07T00:00:00+08:00,,-99,-99,陰有雨,220.0,3.9
,24.497089,121.842481,,,,0.0,26.5,0.0,26.5,26.5,26.5,0.0,1.0,26.5,C1U930,粉鳥林,,,,2025-07-07T00:00:00+08:00,,,,,,
87.0,26.220358,119.974881,,996.5,0.0,0.0,0.0,0.0,0.0,0.0,0.0,0.0,0.0,0.0,C0W220,北竿,,27.4,,2025-07-07T00:00:00+08:00,2025-07-07T00:00:00+08:00,,,,347.0,6.9
94.0,22.99328,120.20492,34.6,995.0,,2.0,102.5,16.5,121.5,130.5,136.5,43.5,84.5,121.5,467410,臺南,0.0,24.5,2025-07-07T00:00:00+08:00,2025-07-07T00:00:00+08:00,,0,1.3,陰有雨,270.0,12.3
,23.472849,120.907956,,,,0.0,7.0,0.0,15.0,17.0,17.0,1.0,1.0,15.0,O1I360,楠溪,,,,2025-07-07T00:00:00+08:00,,,,,,
95.0,22.370361,120.628306,,994.8,135.0,5.5,75.5,42.0,135.0,160.5,160.5,42.0,48.5,135.0,C0R260,春日,,22.1,,2025-07-07T00:00:00+08:00,2025-07-07T00:00:00+08:00,,,,211.0,1.3
,24.463414,120.680019,,,,0.0,0.5,0.0,0.5,60.5,60.5,0.0,0.0,0.5,C1E890,國三N149K,,,,2025-07-07T00:00:00+08:00,,,,,,
79.0,24.700036,120.859128,,993.6,0.0,0.0,0.0,0.0,0.0,0.0,0.0,0.0,0.0,0.0,C0E930,龍鳳,,27.5,,2025-07-07T00:00:00+08:00,2025-07-07T00:00:00+08:00,,,,130.0,0.9
82.0,24.955778,121.631222,10.8,-99.0,,0.0,3.0,0.0,3.0,3.0,3.0,0.0,0.5,3.0,82A750,文山茶改,-99.0,25.1,2025-07-07T00:00:00+08:00,2025-07-07T00:00:00+08:00,,-99,-99,陰,100.0,3.7
99.0,23.68645,120.603417,,982.7,11.5,1.5,10.5,7.5,11.5,63.5,133.0,9.5,10.0,11.5,C0K560,棋山,,23.0,,2025-07-07T00:00:00+08:00,2025-07-07T00:00:00+08:00,,,,124.0,0.9
,25.021931,121.516401,,,,0.0,0.0,0.0,0.0,0.0,0.0,0.0,0.0,0.0,01A410,中正橋,,,,2025-07-07T00:00:00+08:00,,,,,,
,22.690878,120.99909,,,,0.0,78.0,1.0,230.0,274.0,274.0,25.0,37.0,230.0,01S210,知本(5),,,,2025-07-07T00:00:00+08:00,,,,,,
93.0,22.130036,120.792639,,976.1,241.5,0.0,37.5,0.0,241.5,367.5,378.5,3.5,5.0,241.5,C0R341,牡丹,,25.7,,2025-07-07T00:00:00+08:00,2025-07-07T00:00:00+08:00,,,,217.0,6.3
94.0,22.971003,120.539853,20.1,-99.0,,0.5,81.0,16.0,99.5,99.5,140.0,72.5,77.0,99.5,C2V260,月眉,-99.0,24.4,2025-07-07T00:00:00+08:00,2025-07-07T00:00:00+08:00,,-99,-99,陰有雨,210.0,8.5
,25.110338,121.803301,,,,0.0,7.0,0.0,7.0,7.0,7.0,0.0,7.0,7.0,01A380,瑞芳(2),,,,2025-07-07T00:00:00+08:00,,,,,,
72.0,24.93917,121.3239,10.1,-99.0,,0.0,0.0,0.0,0.0,0.0,0.0,0.0,0.0,0.0,CAA080,國三S054K,-99.0,28.2,2025-07-07T00:00:00+08:00,2025-07-07T00:00:00+08:00,,-99,>30,陰,70.0,3.9
84.0,24.648563,120.831834,3.8,990.3,,0.0,0.0,0.0,0.0,2.0,2.0,0.0,0.0,-990.0,467280,後龍,1.6,25.8,2025-07-07T00:00:00+08:00,2025-07-07T00:00:00+08:00,,0,>30,陰,190.0,1.9
96.0,23.679019,120.395561,,988.9,23.0,1.5,21.5,13.5,23.0,127.5,144.0,18.5,20.0,23.0,C0K390,土庫,,23.1,,2025-07-07T00:00:00+08:00,2025-07-07T00:00:00+08:00,,,,76.0,7.7
,22.910218,120.716048,,,,0.0,61.0,47.0,85.0,85.0,85.0,57.0,58.0,85.0,O1V550,多納(1),,,,2025-07-07T00:00:00+08:00,,,,,,
93.0,22.906642,120.182608,,996.7,140.0,1.0,115.0,7.0,140.0,140.0,140.0,39.0,91.0,140.0,C0V630,茄萣,,25.1,,2025-07-07T00:00:00+08:00,2025-07-07T00:00:00+08:00,,,,259.0,7.8
,24.564908,121.308179,,,,0.0,4.5,0.0,4.5,4.5,4.5,0.0,0.0,4.5,21D170,鎮西堡,,,,2025-07-07T00:00:00+08:00,,,,,,
,24.203483,121.018644,,,,0.0,2.5,0.5,2.5,3.0,5.5,0.5,0.5,2.5,C1F871,上谷關,,,,2025-07-07T00:00:00+08:00,,,,,,
80.0,24.39792,120.98599,,854.4,0.5,0.0,0.5,0.0,0.5,3.0,19.5,0.5,0.5,0.5,C0E950,松安,,19.3,,2025-07-07T00:00:00+08:00,2025-07-07T00:00:00+08:00,,,,96.0,1.2
,23.110591,120.703273,,,,0.0,47.0,30.0,61.0,61.0,62.0,42.0,44.0,61.0,O1V540,高中(2),,,,2025-07-07T00:00:00+08:00,,,,,,
,24.991596,121.657883,,,,0.0,3.0,0.0,3.0,3.0,3.0,0.0,1.0,3.0,01A130,石碇(2),,,,2025-07-07T00:00:00+08:00,,,,,,
,23.84869,120.935333,,,,0.0,3.0,0.0,4.5,4.5,10.0,0.0,0.0,4.5,81H920,德化國小,,,,2025-07-07T00:00:00+08:00,,,,,,
96.0,24.757275,121.184792,2.2,-99.0,,0.0,1.0,0.0,1.0,4.5,4.5,0.0,0.0,1.0,C2D720,關西工作站,-99.0,23.0,2025-07-07T00:00:00+08:00,2025-07-07T00:00:00+08:00,,-99,-99,陰,190.0,0.6
94.0,22.869214,121.223228,,994.9,219.5,0.0,65.5,0.0,219.5,225.0,225.0,9.5,25.0,219.5,C0SB30,新蘭,,23.4,,2025-07-07T00:00:00+08:00,2025-07-07T00:00:00+08:00,,,,8.0,2.7
98.0,23.268528,121.305469,,982.5,103.5,0.0,42.5,0.5,103.5,106.0,106.5,3.0,10.5,103.5,C0Z300,東里,,22.6,,2025-07-07T00:00:00+08:00,2025-07-07T00:00:00+08:00,,,,118.0,0.4
91.0,24.668122,121.653017,,987.3,10.5,0.0,10.5,0.0,10.5,10.5,10.5,0.0,0.0,10.5,C0U890,三星,,23.6,,2025-07-07T00:00:00+08:00,2025-07-07T00:00:00+08:00,,,,264.0,1.6
,24.115092,120.811125,,,,0.0,0.0,0.0,0.0,1.0,18.0,0.0,0.0,0.0,01F680,頭汴坑,,,,2025-07-07T00:00:00+08:00,,,,,,
100.0,24.527819,121.519031,,850.7,13.0,0.0,13.0,0.0,13.0,13.0,13.5,0.0,0.0,13.0,C0UA30,白嶺,,17.1,,2025-07-07T00:00:00+08:00,2025-07-07T00:00:00+08:00,,,,284.0,0.8
94.0,23.852589,120.693481,4.2,-99.0,,0.5,2.5,1.5,2.5,30.5,39.0,2.5,2.5,2.5,C2H9H0,苗改南投蜂場,-99.0,23.7,2025-07-07T00:00:00+08:00,2025-07-07T00:00:00+08:00,,-99,-99,陰有雨,160.0,2.2
94.0,23.86045,120.557964,4.5,-99.0,,0.5,3.5,2.0,4.0,61.0,124.0,3.5,3.5,4.0,C2G9A0,畜試所彰化,-99.0,24.0,2025-07-07T00:00:00+08:00,2025-07-07T00:00:00+08:00,,-99,-99,陰有雨,150.0,0.9
88.0,24.092464,120.701378,,985.8,1.0,0.5,1.0,0.5,1.0,36.0,41.0,1.0,1.0,1.0,C0F9N0,大里,,27.2,,2025-07-07T00:00:00+08:00,2025-07-07T00:00:00+08:00,,,,188.0,1.5
,24.4475,120.790278,,,,0.0,0.0,0.0,0.0,28.0,31.5,0.0,0.0,0.0,81E720,慈惠堂,,,,2025-07-07T00:00:00+08:00,,,,,,
89.0,24.2499,121.1455,,853.5,8.5,0.5,8.5,0.5,8.5,8.5,13.5,0.5,0.5,8.5,C0FB40,中橫21.6k,,18.1,,2025-07-07T00:00:00+08:00,2025-07-07T00:00:00+08:00,,,,161.0,5.7
,23.247932,120.985899,,,,0.0,35.0,4.0,82.0,109.0,119.0,12.0,19.0,82.0,01S470,向陽(2),,,,2025-07-07T00:00:00+08:00,,,,,,
,23.631944,121.397778,,,,0.0,20.5,0.0,35.5,35.5,40.5,0.0,1.0,35.5,88T920,大興,,,,2025-07-07T00:00:00+08:00,,,,,,
,25.072195,121.528909,,,,0.0,0.0,0.0,0.0,0.0,0.0,0.0,0.0,0.0,A1AB50,建國,,,,2025-07-07T00:00:00+08:00,,,,,,
,24.161555,121.653037,,,,0.0,3.5,0.0,6.0,6.0,6.0,0.0,0.0,6.0,81T1A0,崇德國小,,,,2025-07-07T00:00:00+08:00,,,,,,
,24.106999,121.199288,,,,0.0,14.0,1.0,14.0,14.0,14.0,2.0,2.0,14.0,01H310,翠峰,,,,2025-07-07T00:00:00+08:00,,,,,,
78.0,25.166678,121.706994,,996.1,3.5,0.0,3.5,0.0,3.5,3.5,3.5,0.0,3.5,3.5,C0B040,大武崙,,28.2,,2025-07-07T00:00:00+08:00,2025-07-07T00:00:00+08:00,,,,93.0,4.6
96.0,22.076075,120.836794,,974.7,329.0,0.0,41.5,0.0,329.0,441.5,458.5,3.5,4.0,329.0,C0R280,檳榔,,24.4,,2025-07-07T00:00:00+08:00,2025-07-07T00:00:00+08:00,,,,282.0,2.4
82.0,24.831989,120.914439,,991.6,0.0,0.0,0.0,0.0,0.0,0.0,0.0,0.0,0.0,0.0,C0D670,海天一線,,26.4,,2025-07-07T00:00:00+08:00,2025-07-07T00:00:00+08:00,,,,17.0,3.4
100.0,23.010394,120.194228,,993.9,149.0,1.5,131.5,27.5,149.0,158.0,160.0,79.5,115.5,149.0,C0X100,臺南市北區,,23.5,,2025-07-07T00:00:00+08:00,2025-07-07T00:00:00+08:00,,,,257.0,12.2
,25.048418,121.773797,,,,0.0,10.0,0.0,10.0,10.0,10.0,0.0,7.0,10.0,NUP460,平溪旅遊,,,,2025-07-07T00:00:00+08:00,,,,,,
95.0,22.419456,120.552375,,1000.3,109.0,1.0,59.5,36.5,109.0,122.0,122.0,38.0,42.0,109.0,C0R540,佳冬,,26.0,,2025-07-07T00:00:00+08:00,2025-07-07T00:00:00+08:00,,,,235.0,7.7
96.0,24.018658,120.847072,2.0,-99.0,,0.0,1.0,0.0,1.0,8.0,10.0,0.5,0.5,1.0,C2H9F0,柑林,-99.0,23.3,2025-07-07T00:00:00+08:00,2025-07-07T00:00:00+08:00,,-99,-99,陰,0.0,0.2
92.0,24.797294,121.190033,2.4,-99.0,,0.0,0.0,0.0,0.0,1.0,1.0,0.0,0.0,0.0,CAD710,國三N077K,-99.0,23.3,2025-07-07T00:00:00+08:00,2025-07-07T00:00:00+08:00,,-99,7-10,陰,90.0,1.1
,23.905333,120.846983,,,,0.0,2.0,0.5,3.0,4.0,15.5,0.5,0.5,3.0,C1I220,樟湖,,,,2025-07-07T00:00:00+08:00,,,,,,
,22.811862,120.398164,,,,0.0,104.0,6.0,127.0,127.0,134.0,48.0,86.0,127.0,01P390,金山,,,,2025-07-07T00:00:00+08:00,,,,,,
94.0,23.877586,120.514222,2.9,-99.0,,0.0,3.0,1.5,3.5,19.5,34.5,3.0,3.0,3.5,C2G840,北斗,-99.0,23.9,2025-07-07T00:00:00+08:00,2025-07-07T00:00:00+08:00,,-99,-99,陰,110.0,0.6
80.0,24.708978,120.888897,,990.4,0.0,0.0,0.0,0.0,0.0,0.5,1.5,0.0,0.0,0.0,C0E420,竹南,,26.6,,2025-07-07T00:00:00+08:00,2025-07-07T00:00:00+08:00,,,,44.0,0.7
91.0,23.021375,120.347878,,988.8,108.0,3.0,93.5,15.5,108.0,111.5,135.0,56.5,82.0,108.0,C0O970,虎頭埤,,23.2,,2025-07-07T00:00:00+08:00,2025-07-07T00:00:00+08:00,,,,243.0,5.5
81.0,25.072181,121.380839,,963.8,0.0,0.0,0.0,0.0,0.0,0.0,0.0,0.0,0.0,0.0,C0AH50,林口,,27.5,,2025-07-07T00:00:00+08:00,2025-07-07T00:00:00+08:00,,,,102.0,6.4
93.0,22.627422,120.298803,,998.5,137.0,0.0,103.5,2.5,137.0,137.0,137.0,32.5,62.0,137.0,C0V490,新興,,26.1,,2025-07-07T00:00:00+08:00,2025-07-07T00:00:00+08:00,,,,199.0,4.2
,25.063288,121.633793,,,,0.0,1.0,0.0,1.0,1.0,1.0,0.0,1.0,1.0,01AG00,社后橋,,,,2025-07-07T00:00:00+08:00,,,,,,
92.0,22.684645,120.432803,,995.8,156.0,0.0,130.0,11.5,156.0,156.5,156.5,73.0,111.5,156.0,C0V910,大樹,,25.0,,2025-07-07T00:00:00+08:00,2025-07-07T00:00:00+08:00,,,,217.0,7.3
,23.036624,120.708888,,,,0.0,55.0,35.0,76.0,78.0,78.0,50.0,53.0,76.0,O1V510,寶山,,,,2025-07-07T00:00:00+08:00,,,,,,
,23.805589,120.837618,,,,0.5,2.0,0.5,3.0,3.0,5.0,0.5,0.5,3.0,81H930,玉峰國小,,,,2025-07-07T00:00:00+08:00,,,,,,
70.0,25.112694,121.239825,,992.3,0.0,0.0,0.0,0.0,0.0,0.0,0.0,0.0,0.0,0.0,C0C720,竹圍,,28.5,,2025-07-07T00:00:00+08:00,2025-07-07T00:00:00+08:00,,,,75.0,3.2
93.0,23.106694,120.327528,24.8,-99.0,,2.0,96.0,26.0,107.0,107.0,139.5,69.5,90.0,107.0,CAN090,國三S342K,-99.0,24.2,2025-07-07T00:00:00+08:00,2025-07-07T00:00:00+08:00,,-99,1,陰有雨,220.0,15.6
,23.478744,120.878939,,,,1.0,17.5,4.0,27.5,28.5,31.0,7.0,7.5,27.5,C1I440,新高口,,,,2025-07-07T00:00:00+08:00,,,,,,
,24.709464,120.898219,,,,0.0,0.0,0.0,0.0,0.0,3.0,0.0,0.0,0.0,01E120,大埔,,,,2025-07-07T00:00:00+08:00,,,,,,
81.0,24.440218,120.681656,4.0,-99.0,,0.0,0.5,0.0,0.5,48.0,48.0,0.0,0.0,0.5,CAE070,國三N151K,-99.0,26.2,2025-07-07T00:00:00+08:00,2025-07-07T00:00:00+08:00,,-99,-99,陰,30.0,2.2
95.0,24.907222,121.873428,,998.7,28.0,0.0,28.0,0.5,28.0,28.0,28.0,0.5,17.5,28.0,C0U880,北關,,25.7,,2025-07-07T00:00:00+08:00,2025-07-07T00:00:00+08:00,,,,233.0,2.9
94.0,23.504106,120.490742,14.6,-99.0,,1.0,21.0,9.5,23.0,25.5,116.5,17.5,19.5,23.0,CAM900,國三S290K,-99.0,24.5,2025-07-07T00:00:00+08:00,2025-07-07T00:00:00+08:00,,-99,3-6,陰有雨,110.0,5.3
,22.642801,120.952564,,,,0.0,87.0,0.0,272.0,340.0,341.0,25.0,49.0,272.0,O1S680,金針山,,,,2025-07-07T00:00:00+08:00,,,,,,
,23.53,120.74,,,,3.5,15.0,7.5,19.0,90.0,140.0,10.0,10.0,19.0,81M800,來吉國小,,,,2025-07-07T00:00:00+08:00,,,,,,
,24.634003,121.716908,,,,0.0,11.0,0.0,11.0,11.0,11.0,0.0,1.5,11.0,C1U670,寒溪,,,,2025-07-07T00:00:00+08:00,,,,,,
,25.091251,121.838927,,,,0.5,25.0,0.5,25.0,25.0,25.0,0.5,21.5,25.0,81AI30,大粗坑,,,,2025-07-07T00:00:00+08:00,,,,,,
93.0,24.732444,120.976153,2.4,-99.0,,0.0,0.0,0.0,0.0,0.0,0.0,0.0,0.0,0.0,C2D730,寶山農場,-99.0,24.2,2025-07-07T00:00:00+08:00,2025-07-07T00:00:00+08:00,,-99,-99,陰,150.0,0.6
92.0,23.056758,120.408522,,989.8,105.0,2.0,91.5,12.0,105.0,105.0,140.0,68.5,84.5,105.0,C0X200,左鎮,,24.2,,2025-07-07T00:00:00+08:00,2025-07-07T00:00:00+08:00,,,,182.0,7.7
,23.992778,120.7625,,,,0.0,1.0,0.0,1.0,4.5,28.5,0.5,0.5,1.0,81H910,平林國小,,,,2025-07-07T00:00:00+08:00,,,,,,
,25.038894,121.556406,,,,0.0,0.5,0.0,0.5,0.5,0.5,0.0,0.5,0.5,A1AA80,市政中心,,,,2025-07-07T00:00:00+08:00,,,,,,
,22.855418,120.617155,,,,0.0,55.0,28.0,74.0,74.0,90.0,48.0,50.0,74.0,O1R450,新豐(1),,,,2025-07-07T00:00:00+08:00,,,,,,
100.0,22.954453,121.229922,,956.6,241.5,0.0,74.0,0.0,241.5,247.0,247.5,8.5,20.0,241.5,C0S950,七塊厝,,21.2,,2025-07-07T00:00:00+08:00,2025-07-07T00:00:00+08:00,,,,29.0,0.9
71.0,24.921836,121.544725,,986.1,1.0,0.0,1.0,0.0,1.0,1.0,1.0,0.0,0.0,1.0,C0AI10,屈尺,,29.5,,2025-07-07T00:00:00+08:00,2025-07-07T00:00:00+08:00,,,,176.0,4.2
100.0,23.154722,120.345,31.3,-99.0,,4.0,89.0,29.0,99.0,99.5,120.5,66.5,83.5,99.0,CAN080,國三N336K,-99.0,23.3,2025-07-07T00:00:00+08:00,2025-07-07T00:00:00+08:00,,-99,-99,陰有雨,200.0,16.5
83.0,24.783583,120.914989,,992.1,0.0,0.0,0.0,0.0,0.0,0.0,0.5,0.0,0.0,0.0,C0D680,香山濕地,,26.7,,2025-07-07T00:00:00+08:00,2025-07-07T00:00:00+08:00,,,,14.0,2.8
90.0,24.272481,120.658314,,972.8,0.5,0.0,0.5,0.0,0.5,48.0,82.0,0.5,0.5,0.5,C0F9I0,神岡,,25.5,,2025-07-07T00:00:00+08:00,2025-07-07T00:00:00+08:00,,,,7.0,1.3
,23.755254,120.612491,,,,0.0,5.0,2.0,5.0,67.0,145.0,4.0,4.0,5.0,01J930,林內(1),,,,2025-07-07T00:00:00+08:00,,,,,,
,25.147998,121.483915,,,,0.0,0.0,0.0,0.0,0.0,0.0,0.0,0.0,0.0,A1AG30,稻香里,,,,2025-07-07T00:00:00+08:00,,,,,,
93.0,25.191408,121.783914,,985.8,0.0,0.0,0.0,0.0,0.0,0.0,0.0,0.0,0.0,0.0,C0B020,基隆嶼,,27.7,,2025-07-07T00:00:00+08:00,2025-07-07T00:00:00+08:00,,,,97.0,7.6
,25.099395,121.528911,,,,0.0,0.0,0.0,0.0,0.0,0.0,0.0,0.0,0.0,A1AB60,福德,,,,2025-07-07T00:00:00+08:00,,,,,,
95.0,23.458911,120.153831,,966.2,99.0,1.0,94.0,14.0,99.0,173.0,185.5,76.0,89.5,99.0,C0M710,東石,,23.5,,2025-07-07T00:00:00+08:00,2025-07-07T00:00:00+08:00,,,,60.0,8.6
,25.00865,121.638017,,,,0.0,2.5,0.0,2.5,2.5,2.5,0.0,1.0,2.5,C1A750,石碇服務區,,,,2025-07-07T00:00:00+08:00,,,,,,
95.0,23.721453,120.378864,11.1,-99.0,,2.0,22.0,15.5,23.0,95.0,146.5,19.5,21.0,23.0,C2K620,馬光農場,-99.0,22.7,2025-07-07T00:00:00+08:00,2025-07-07T00:00:00+08:00,,-99,-99,陰有雨,70.0,6.3
96.0,22.913661,121.257469,,994.0,251.5,0.0,91.0,2.0,251.5,258.0,260.0,15.0,35.5,251.5,C0SB40,興隆,,23.1,,2025-07-07T00:00:00+08:00,2025-07-07T00:00:00+08:00,,,,18.0,0.8
95.0,23.746114,121.453411,,988.4,28.5,0.5,19.0,0.5,28.5,28.5,28.5,1.0,1.0,28.5,C0Z160,鳳林,,23.3,,2025-07-07T00:00:00+08:00,2025-07-07T00:00:00+08:00,,,,0.0,0.1
,25.133486,121.469331,,,,0.0,0.0,0.0,0.0,0.0,0.0,0.0,0.0,0.0,C1AC50,關渡,,,,2025-07-07T00:00:00+08:00,,,,,,
,23.057019,120.646064,,,,3.5,91.0,52.5,110.5,110.5,132.5,84.0,88.0,110.5,C1V590,新發,,,,2025-07-07T00:00:00+08:00,,,,,,
93.0,24.139256,120.5215,5.2,-99.0,,0.5,1.0,0.5,1.0,47.0,50.0,1.0,1.0,1.0,CAG040,國三N191K,-99.0,26.8,2025-07-07T00:00:00+08:00,2025-07-07T00:00:00+08:00,,-99,-99,陰有雨,230.0,3.2
83.0,24.982411,121.668089,12.6,-99.0,,0.0,6.0,0.0,6.0,6.0,6.0,0.0,3.0,6.0,CAAD80,國五N008K,-99.0,26.8,2025-07-07T00:00:00+08:00,2025-07-07T00:00:00+08:00,,-99,7-10,陰,130.0,5.0
,24.635269,120.820796,,,,0.0,0.0,0.0,0.0,2.0,2.0,0.0,0.0,0.0,01E390,大潭,,,,2025-07-07T00:00:00+08:00,,,,,,
73.0,25.184592,121.408617,,988.7,0.0,0.0,0.0,0.0,0.0,0.0,0.0,0.0,0.0,0.0,C0AJ30,淡水觀海,,28.8,,2025-07-07T00:00:00+08:00,2025-07-07T00:00:00+08:00,,,,120.0,20.0
,24.30505,120.813208,,,,0.0,1.0,1.0,1.0,6.0,96.0,1.0,1.0,1.0,01E230,卓蘭(2),,,,2025-07-07T00:00:00+08:00,,,,,,
73.0,24.95083,121.3958,11.0,-99.0,,0.0,0.0,0.0,0.0,0.0,0.0,0.0,0.0,0.0,CAA070,國三N046K,-99.0,28.8,2025-07-07T00:00:00+08:00,2025-07-07T00:00:00+08:00,,-99,-99,陰,60.0,5.0
,23.826281,120.774892,,,,0.0,2.0,1.0,2.0,2.0,17.0,1.0,1.0,2.0,00H710,集集(2),,,,2025-07-07T00:00:00+08:00,,,,,,
100.0,23.63353,120.55239,5.9,-99.0,,1.0,14.5,9.0,16.0,63.5,188.0,12.5,13.0,16.0,A2K570,古坑(花卉中心),-99.0,22.8,2025-07-07T00:00:00+08:00,2025-07-07T00:00:00+08:00,,-99,-99,陰有雨,50.0,2.7
73.0,24.897503,121.214636,,971.8,0.0,0.0,0.0,0.0,0.0,0.0,0.0,0.0,0.0,0.0,C0C650,平鎮,,26.5,,2025-07-07T00:00:00+08:00,2025-07-07T00:00:00+08:00,,,,106.0,1.5
,22.982777,120.57,,,,1.5,88.5,40.5,106.5,107.0,150.0,80.0,84.0,106.5,81V920,新庄,,,,2025-07-07T00:00:00+08:00,,,,,,
93.0,23.975128,121.613275,9.0,998.9,,0.0,23.5,0.0,25.5,25.5,25.5,0.0,0.5,25.5,466990,花蓮,0.0,24.5,2025-07-07T00:00:00+08:00,2025-07-07T00:00:00+08:00,,0,>30,陰,240.0,6.1
100.0,22.963017,120.327797,,991.5,128.0,1.5,111.5,15.0,128.0,132.0,134.0,54.5,96.5,128.0,C0X170,關廟,,23.8,,2025-07-07T00:00:00+08:00,2025-07-07T00:00:00+08:00,,,,240.0,7.0
95.0,22.961189,120.188378,,996.6,136.5,4.0,117.5,14.5,136.5,136.5,136.5,60.0,99.0,136.5,C0X110,臺南市南區,,24.7,,2025-07-07T00:00:00+08:00,2025-07-07T00:00:00+08:00,,,,277.0,5.4
89.0,23.975222,121.563889,3.6,-99.0,,0.0,26.5,0.0,28.5,28.5,28.5,0.0,0.5,28.5,72T250,花蓮農改,-99.0,24.3,2025-07-07T00:00:00+08:00,2025-07-07T00:00:00+08:00,,-99,-99,陰,260.0,0.8
99.0,23.852481,120.320922,,990.3,4.5,1.0,4.0,3.5,4.5,41.0,53.5,3.5,3.5,4.5,C0G740,大城,,23.4,,2025-07-07T00:00:00+08:00,2025-07-07T00:00:00+08:00,,,,48.0,3.2
,23.381471,120.530602,,,,2.5,50.0,37.5,54.5,70.0,92.5,48.5,49.0,54.5,81M690,沄水國小,,,,2025-07-07T00:00:00+08:00,,,,,,
94.0,23.851597,120.499083,,988.7,4.5,0.5,4.5,2.5,4.5,50.0,101.5,4.0,4.5,4.5,C0G720,溪州,,23.6,,2025-07-07T00:00:00+08:00,2025-07-07T00:00:00+08:00,,,,133.0,2.3
97.0,23.930925,121.595153,,998.5,25.5,0.0,21.5,0.0,25.5,25.5,25.5,0.0,0.5,25.5,C0Z150,吉安光華,,24.3,,2025-07-07T00:00:00+08:00,2025-07-07T00:00:00+08:00,,,,96.0,2.7
99.0,23.73835,121.540108,,963.4,38.0,0.5,20.0,1.0,38.0,38.0,38.0,1.0,1.5,38.0,C0Z270,蕃薯寮,,21.5,,2025-07-07T00:00:00+08:00,2025-07-07T00:00:00+08:00,,,,252.0,2.6
,24.73339,120.967392,,,,0.0,0.0,0.0,0.0,0.0,0.0,0.0,0.0,0.0,O1D570,新城國小,,,,2025-07-07T00:00:00+08:00,,,,,,
91.0,24.237116,120.688271,4.8,-99.0,,0.0,0.0,0.0,0.0,39.5,108.0,0.0,0.0,0.0,CAF030,國一S169K,-99.0,25.7,2025-07-07T00:00:00+08:00,2025-07-07T00:00:00+08:00,,-99,-99,陰,340.0,0.9
99.0,23.272603,120.247622,,977.7,63.0,1.0,54.5,5.0,63.0,110.5,136.0,29.0,47.5,63.0,C0X230,鹽水,,23.2,,2025-07-07T00:00:00+08:00,2025-07-07T00:00:00+08:00,,,,239.0,17.5
,25.017093,121.574405,,,,0.0,0.5,0.0,0.5,0.5,0.5,0.5,0.5,0.5,A1AC70,挹翠山莊,,,,2025-07-07T00:00:00+08:00,,,,,,
,24.109397,121.205211,,,,0.0,14.5,1.0,14.5,14.5,15.0,2.0,2.5,14.5,C1H000,翠峰,,,,2025-07-07T00:00:00+08:00,,,,,,
,22.383056,120.910278,,,,0.0,89.0,0.0,272.5,365.0,365.0,4.5,15.0,272.5,88S950,大鳥,,,,2025-07-07T00:00:00+08:00,,,,,,
92.0,23.118847,120.360833,,990.7,82.0,1.0,71.0,14.0,82.0,82.0,125.0,49.0,65.5,82.0,C0O860,大內,,25.6,,2025-07-07T00:00:00+08:00,2025-07-07T00:00:00+08:00,,,,226.0,8.9
98.0,22.367722,120.590647,,1000.5,106.0,1.0,48.5,22.5,106.0,124.0,124.0,22.5,25.5,106.0,C0R660,枋寮,,26.3,,2025-07-07T00:00:00+08:00,2025-07-07T00:00:00+08:00,,,,231.0,13.1
90.0,24.23105,120.90475,,887.5,1.5,0.0,1.0,0.5,1.5,3.0,7.5,0.5,0.5,1.5,C0FB10,出雲山苗圃,,19.4,,2025-07-07T00:00:00+08:00,2025-07-07T00:00:00+08:00,,,,72.0,0.7
91.0,22.071122,120.764111,,992.1,213.5,0.0,33.0,0.0,213.5,297.0,323.0,3.0,4.5,213.5,C0R770,保力,,27.0,,2025-07-07T00:00:00+08:00,2025-07-07T00:00:00+08:00,,,,258.0,6.3
,23.345833,121.303333,,,,0.5,39.5,2.0,79.5,90.5,90.5,2.5,9.0,79.5,81T900,卓溪國小,,,,2025-07-07T00:00:00+08:00,,,,,,
88.0,24.215281,120.62445,,975.2,0.5,0.0,0.5,0.0,0.5,62.0,94.5,0.5,0.5,0.5,C0F9X0,大雅,,26.1,,2025-07-07T00:00:00+08:00,2025-07-07T00:00:00+08:00,,,,348.0,1.4
,23.890642,120.485117,,,,0.0,3.5,2.0,3.5,25.0,42.5,3.5,3.5,3.5,C1G9D0,國一S218K,,,,2025-07-07T00:00:00+08:00,,,,,,
88.0,24.192719,121.001366,,892.3,2.0,0.0,2.0,0.5,2.0,2.0,6.5,1.0,1.0,2.0,C0FB30,八仙山苗圃,,20.5,,2025-07-07T00:00:00+08:00,2025-07-07T00:00:00+08:00,,,,40.0,0.9
85.0,24.688247,120.912206,,990.7,0.0,0.0,0.0,0.0,0.0,2.0,11.0,0.0,0.0,0.0,C0E730,頭份,,26.5,,2025-07-07T00:00:00+08:00,2025-07-07T00:00:00+08:00,,,,0.0,0.0
,23.430078,121.312632,,,,0.0,46.0,1.0,77.0,78.0,81.0,2.0,9.0,77.0,01T230,立山,,,,2025-07-07T00:00:00+08:00,,,,,,
,23.607222,121.376111,,,,1.0,28.5,2.0,48.5,53.0,53.5,2.0,4.5,48.5,81T770,大豐,,,,2025-07-07T00:00:00+08:00,,,,,,
,23.087497,120.575997,,,,4.5,81.5,35.5,96.5,99.5,114.5,73.5,77.5,96.5,F1V860,甲仙,,,,2025-07-07T00:00:00+08:00,,,,,,
95.0,22.622742,120.330669,,996.7,150.0,0.0,116.0,4.5,150.0,150.0,150.0,38.5,74.5,150.0,C0V710,苓雅,,26.4,,2025-07-07T00:00:00+08:00,2025-07-07T00:00:00+08:00,,,,218.0,5.3
,23.816114,120.5676,,,,1.0,5.5,3.5,5.5,49.0,95.5,5.0,5.0,5.5,C1G691,下水埔,,,,2025-07-07T00:00:00+08:00,,,,,,
94.0,23.574056,120.291786,,982.0,43.0,1.5,41.0,12.5,43.0,124.0,141.5,35.5,39.0,43.0,C0K410,北港,,22.8,,2025-07-07T00:00:00+08:00,2025-07-07T00:00:00+08:00,,,,58.0,19.6
92.0,24.734764,121.781922,7.9,-99.0,,0.0,18.5,0.0,18.5,18.5,18.5,0.0,8.5,18.5,CAUB40,國五S041K,-99.0,24.3,2025-07-07T00:00:00+08:00,2025-07-07T00:00:00+08:00,,-99,-99,陰,290.0,1.5
,24.986395,121.545303,,,,0.0,0.0,0.0,0.0,0.0,0.0,0.0,0.0,0.0,A1AB10,埤腹,,,,2025-07-07T00:00:00+08:00,,,,,,
100.0,22.405264,120.753181,,826.4,290.5,21.0,163.0,41.0,290.5,422.0,433.5,66.5,93.5,290.5,C0R440,大漢山,,17.5,,2025-07-07T00:00:00+08:00,2025-07-07T00:00:00+08:00,,,,87.0,2.7
,24.414244,120.77003,,,,0.0,0.0,0.0,0.0,46.0,53.0,0.0,0.0,0.0,01E290,三義(2),,,,2025-07-07T00:00:00+08:00,,,,,,
87.0,24.295534,120.695976,4.5,-99.0,,0.0,0.5,0.0,0.5,39.5,108.0,0.5,0.5,0.5,CAF020,國一S162K,-99.0,25.2,2025-07-07T00:00:00+08:00,2025-07-07T00:00:00+08:00,,-99,-99,陰,350.0,2.0
,24.984393,121.577502,,,,0.0,1.0,0.0,1.0,1.0,1.0,0.0,0.0,1.0,A1AB00,北政國中,,,,2025-07-07T00:00:00+08:00,,,,,,
98.0,22.608483,120.570714,,997.3,97.0,1.5,64.5,26.0,97.0,98.5,98.5,51.5,54.0,97.0,C0R960,內埔,,24.2,,2025-07-07T00:00:00+08:00,2025-07-07T00:00:00+08:00,,,,204.0,4.9
100.0,22.264347,120.823972,,945.2,391.5,0.0,101.0,0.0,391.5,525.5,563.0,10.0,22.5,391.5,C0SA90,達仁林場,,23.6,,2025-07-07T00:00:00+08:00,2025-07-07T00:00:00+08:00,,,,199.0,2.1
94.0,24.381675,121.4203,,692.0,18.5,0.0,18.5,0.0,18.5,18.5,18.5,0.0,0.0,18.5,C0F0D0,審馬陣,,10.4,,2025-07-07T00:00:00+08:00,2025-07-07T00:00:00+08:00,,,,-99.0,-99.0
88.0,24.308519,120.614471,5.2,-99.0,,0.0,0.5,0.0,0.5,40.0,75.0,0.5,0.5,0.5,CAF060,國三S168K,-99.0,26.6,2025-07-07T00:00:00+08:00,2025-07-07T00:00:00+08:00,,-99,16-20,陰,40.0,2.2
,23.0325,120.6625,,,,0.0,62.0,43.0,83.0,83.0,83.0,55.0,58.5,83.0,81V840,新發國小,,,,2025-07-07T00:00:00+08:00,,,,,,
,22.513226,120.511111,,,,0.0,67.0,19.0,109.0,112.0,112.0,42.0,46.0,109.0,O1R630,崁頂,,,,2025-07-07T00:00:00+08:00,,,,,,
,24.035278,120.724444,,,,0.0,1.0,0.0,1.0,59.5,62.0,0.5,0.5,1.0,81F900,峰谷國小,,,,2025-07-07T00:00:00+08:00,,,,,,
,22.203384,120.751358,,,,0.0,68.0,2.5,248.0,356.0,370.5,4.5,65.5,248.0,81R650,丹路國小,,,,2025-07-07T00:00:00+08:00,,,,,,
77.0,24.549447,120.696803,,993.0,0.0,0.0,0.0,0.0,0.0,8.0,9.0,0.0,0.0,0.0,C0E570,白沙屯,,27.3,,2025-07-07T00:00:00+08:00,2025-07-07T00:00:00+08:00,,,,84.0,1.4
,24.824459,121.25144,,,,0.0,0.0,0.0,0.0,0.0,0.0,0.0,0.0,0.0,01C400,石門後池,,,,2025-07-07T00:00:00+08:00,,,,,,
100.0,22.588475,120.485081,,997.9,105.0,2.0,73.0,16.5,105.0,106.0,106.0,55.0,61.0,105.0,C0R930,萬丹,,25.4,,2025-07-07T00:00:00+08:00,2025-07-07T00:00:00+08:00,,,,232.0,7.1
97.0,24.066147,120.660919,7.7,-99.0,,0.0,1.0,0.5,1.0,27.5,28.5,1.0,1.0,1.0,CAF050,國三N208K,-99.0,25.7,2025-07-07T00:00:00+08:00,2025-07-07T00:00:00+08:00,,-99,-99,陰,200.0,3.7
-99.0,23.628342,119.513206,-99.0,-99.0,,,,,,,,,,-99.0,C2W230,畜試所澎湖,-99.0,-99.0,2025-07-07T00:00:00+08:00,,,-99,-99,陰有雨,-99.0,-99.0
59.0,24.093078,120.861578,2.2,-99.0,,0.0,1.5,0.0,1.5,2.5,7.0,0.5,0.5,1.5,C2H9D0,三隻寮,-99.0,25.4,2025-07-07T00:00:00+08:00,2025-07-07T00:00:00+08:00,,-99,-99,陰,50.0,0.6
87.0,22.246844,120.661086,,1000.4,117.5,0.0,39.5,0.5,117.5,159.0,159.5,1.0,4.5,117.5,C0R700,枋山,,28.3,,2025-07-07T00:00:00+08:00,2025-07-07T00:00:00+08:00,,,,207.0,10.7
98.0,23.080106,120.591758,18.1,-99.0,,1.0,76.0,25.5,91.0,93.5,108.0,67.0,72.0,91.0,C2V250,甲仙,-99.0,22.8,2025-07-07T00:00:00+08:00,2025-07-07T00:00:00+08:00,,-99,-99,陰有雨,190.0,6.3
100.0,22.592333,120.614306,,998.6,93.5,2.0,56.5,33.0,93.5,97.0,97.0,46.0,49.0,93.5,C0R190,赤山,,24.9,,2025-07-07T00:00:00+08:00,2025-07-07T00:00:00+08:00,,,,189.0,1.9
,23.858572,120.994889,,,,1.0,7.5,1.0,9.0,9.0,12.0,1.0,1.0,9.0,C1I500,大尖山,,,,2025-07-07T00:00:00+08:00,,,,,,
,24.838333,121.526111,,,,0.0,1.5,0.0,1.5,1.5,1.5,0.0,0.0,1.5,81AH90,信賢派出所,,,,2025-07-07T00:00:00+08:00,,,,,,
100.0,23.223772,121.406639,,984.8,128.0,1.0,70.5,9.5,128.0,129.0,129.0,14.0,19.5,128.0,C0S940,石寧山,,21.7,,2025-07-07T00:00:00+08:00,2025-07-07T00:00:00+08:00,,,,298.0,1.4
79.0,24.648769,120.772436,,992.9,0.5,0.0,0.0,0.0,0.5,1.5,1.5,0.0,0.0,0.5,C0E910,海埔,,27.6,,2025-07-07T00:00:00+08:00,2025-07-07T00:00:00+08:00,,,,92.0,1.0
63.0,24.977661,121.256375,,978.2,0.0,0.0,0.0,0.0,0.0,0.0,0.0,0.0,0.0,0.0,C0C700,中壢,,28.0,,2025-07-07T00:00:00+08:00,2025-07-07T00:00:00+08:00,,,,91.0,4.4
93.0,23.947633,120.525456,,989.7,2.5,0.0,2.0,1.0,2.5,43.0,51.0,2.0,2.0,2.5,C0G810,埔心,,26.7,,2025-07-07T00:00:00+08:00,2025-07-07T00:00:00+08:00,,,,159.0,0.8
97.0,23.75555,120.318925,,991.7,21.0,2.0,20.0,14.0,21.0,48.5,91.5,17.5,18.5,21.0,C0K250,崙背,,22.7,,2025-07-07T00:00:00+08:00,2025-07-07T00:00:00+08:00,,,,88.0,6.0
99.0,22.907694,121.130139,4.0,-99.0,,0.5,39.5,2.0,176.5,182.0,182.5,13.0,19.5,176.5,82S580,臺東茶改,-99.0,22.2,2025-07-07T00:00:00+08:00,2025-07-07T00:00:00+08:00,,-99,-99,陰有雨,-99.0,0.3
,24.936401,121.710339,,,,0.0,8.0,0.0,8.0,8.0,8.0,0.0,5.0,8.0,01A450,坪林(4),,,,2025-07-07T00:00:00+08:00,,,,,,
,24.280586,121.026642,,,,0.0,6.5,1.0,6.5,8.5,9.0,2.5,2.5,6.5,C1F941,雪嶺,,,,2025-07-07T00:00:00+08:00,,,,,,
-99.0,23.112883,120.297219,,-99.0,103.5,3.0,91.5,19.5,103.5,103.5,123.0,63.0,83.0,103.5,C0O900,善化,,-99.0,,2025-07-07T00:00:00+08:00,2025-07-07T00:00:00+08:00,,,,-99.0,-99.0
,23.668178,120.887417,,,,0.5,5.5,1.5,8.0,8.5,32.0,2.0,2.0,8.0,C1I290,豐丘,,,,2025-07-07T00:00:00+08:00,,,,,,
,23.9246,121.006903,,,,0.0,3.5,0.0,3.5,3.5,33.0,0.0,0.0,3.5,C1I260,北坑,,,,2025-07-07T00:00:00+08:00,,,,,,
93.0,24.092468,120.603256,6.4,-99.0,,0.0,1.0,0.5,1.0,35.0,36.0,1.0,1.0,1.0,CAG060,國三S202K,-99.0,26.3,2025-07-07T00:00:00+08:00,2025-07-07T00:00:00+08:00,,-99,-99,陰,210.0,2.4
88.0,22.204481,120.750989,,986.8,260.5,0.0,67.0,0.0,260.5,378.5,393.0,2.5,5.5,260.5,C0R800,丹路,,26.7,,2025-07-07T00:00:00+08:00,2025-07-07T00:00:00+08:00,,,,272.0,3.3
,23.199503,121.027,,,,1.0,39.5,7.0,85.5,90.0,97.5,16.5,23.5,85.5,C1S670,摩天,,,,2025-07-07T00:00:00+08:00,,,,,,
,24.809322,121.248473,,,,0.0,0.5,0.0,0.5,1.5,1.5,0.0,0.0,0.5,21C050,石門,,,,2025-07-07T00:00:00+08:00,,,,,,
80.0,24.993969,121.662917,,972.2,4.5,0.0,4.5,0.0,4.5,4.5,4.5,0.0,2.5,4.5,C0A640,石碇,,26.4,,2025-07-07T00:00:00+08:00,2025-07-07T00:00:00+08:00,,,,236.0,2.3
,24.178889,120.978333,,,,0.0,1.5,0.0,1.5,1.5,6.0,0.5,0.5,1.5,88F920,松鶴,,,,2025-07-07T00:00:00+08:00,,,,,,
97.0,23.903208,120.963364,2.6,-99.0,,0.5,3.5,0.5,4.0,4.0,21.0,0.5,0.5,4.0,72HA00,埔里分場,-99.0,21.7,2025-07-07T00:00:00+08:00,2025-07-07T00:00:00+08:00,,-99,-99,陰有雨,140.0,1.2
,23.403864,120.649071,,,,2.5,15.0,14.0,15.0,15.0,24.0,15.0,15.0,15.0,81M790,麻竹湖步道,,,,2025-07-07T00:00:00+08:00,,,,,,
91.0,24.560647,121.752608,,878.8,15.0,0.0,15.0,0.0,15.0,15.0,15.0,0.0,1.0,15.0,C0UA40,西德山,,20.2,,2025-07-07T00:00:00+08:00,2025-07-07T00:00:00+08:00,,,,141.0,10.3
60.0,24.488292,118.408778,,999.7,0.0,0.0,0.0,0.0,0.0,0.0,0.5,0.0,0.0,0.0,C0W140,金沙,,30.7,,2025-07-07T00:00:00+08:00,2025-07-07T00:00:00+08:00,,,,349.0,3.2
70.0,24.870056,121.221389,,967.9,0.0,0.0,0.0,0.0,0.0,0.0,0.0,0.0,0.0,0.0,C0C670,龍潭,,26.4,,2025-07-07T00:00:00+08:00,2025-07-07T00:00:00+08:00,,,,182.0,0.5
-99.0,23.753836,120.294783,-99.0,-99.0,,,,,,,,,,-99.0,V2K620,麥寮合作社,-99.0,-99.0,2025-07-07T00:00:00+08:00,,,-99,-99,陰,-99.0,-99.0
,24.876212,121.562992,,,,0.0,1.0,0.0,1.0,1.0,1.0,0.0,0.0,1.0,01A440,大桶山,,,,2025-07-07T00:00:00+08:00,,,,,,
89.0,24.184536,120.528972,,992.3,1.0,0.5,1.0,0.5,1.0,74.5,106.5,1.0,1.0,1.0,C0F9R0,龍井,,27.4,,2025-07-07T00:00:00+08:00,2025-07-07T00:00:00+08:00,,,,183.0,0.8
97.0,23.171639,121.249378,,972.6,111.0,0.5,42.5,1.5,111.0,112.0,112.0,3.5,13.0,111.0,C0T9N0,富里,,22.1,,2025-07-07T00:00:00+08:00,2025-07-07T00:00:00+08:00,,,,69.0,1.1
,24.1263,120.994672,,,,0.0,3.5,0.5,3.5,3.5,11.0,1.0,1.0,3.5,C1H9B1,阿眉,,,,2025-07-07T00:00:00+08:00,,,,,,
,24.292326,120.910107,,,,0.0,0.0,0.0,0.0,14.0,38.0,0.0,0.0,0.0,O1F390,雙崎(2),,,,2025-07-07T00:00:00+08:00,,,,,,
,24.397972,120.986022,,,,0.0,0.5,0.0,0.5,3.0,19.5,0.5,0.5,0.5,C1E461,松安,,,,2025-07-07T00:00:00+08:00,,,,,,
,24.158325,120.886933,,,,0.0,1.0,0.5,1.5,1.5,5.5,0.5,0.5,1.5,C1F9D1,白毛台,,,,2025-07-07T00:00:00+08:00,,,,,,
,24.714905,121.358188,,,,0.0,2.5,0.0,2.5,2.5,2.5,0.0,0.0,2.5,21C080,高義,,,,2025-07-07T00:00:00+08:00,,,,,,
,24.037079,121.604462,,,,0.0,24.0,0.0,24.0,24.0,24.0,0.0,0.0,24.0,01T500,北埔,,,,2025-07-07T00:00:00+08:00,,,,,,
99.0,23.96824,120.32586,6.5,-99.0,,0.5,0.5,0.5,0.5,43.0,65.0,0.5,0.5,0.5,CAG100,王功漁港,-99.0,25.4,2025-07-07T00:00:00+08:00,2025-07-07T00:00:00+08:00,,-99,-99,陰有雨,70.0,2.3
88.0,23.457656,120.460517,,984.8,34.0,1.0,30.0,11.0,34.0,35.5,94.5,26.5,28.5,34.0,C0M730,嘉義市東區,,25.6,,2025-07-07T00:00:00+08:00,2025-07-07T00:00:00+08:00,,,,141.0,6.3
83.0,24.889514,121.2636,7.9,-99.0,,0.0,0.0,0.0,0.0,0.0,0.0,0.0,0.0,0.0,CAC030,國三N063K,-99.0,25.7,2025-07-07T00:00:00+08:00,2025-07-07T00:00:00+08:00,,-99,-99,陰,160.0,2.7
94.0,21.900836,120.855269,,999.0,238.0,0.0,36.5,0.5,238.0,324.0,350.0,15.5,15.5,238.0,C0R620,墾雷,,27.8,,2025-07-07T00:00:00+08:00,2025-07-07T00:00:00+08:00,,,,32.0,3.7
93.0,24.735006,121.025192,,981.4,1.0,0.0,1.0,0.0,1.0,2.0,2.5,0.0,0.0,1.0,C0D580,寶山,,23.6,,2025-07-07T00:00:00+08:00,2025-07-07T00:00:00+08:00,,,,0.0,0.0
,24.018778,121.004456,,,,0.0,4.5,0.5,4.5,4.5,22.5,1.0,1.0,4.5,C1I400,凌霄,,,,2025-07-07T00:00:00+08:00,,,,,,
87.0,24.241394,121.712472,,997.7,27.0,0.0,25.0,0.0,27.0,27.0,27.0,0.0,0.5,27.0,C0TA50,和仁,,25.0,,2025-07-07T00:00:00+08:00,2025-07-07T00:00:00+08:00,,,,344.0,1.0
,23.083884,120.58767,,,,0.0,72.0,21.0,85.0,89.0,104.0,63.0,68.0,85.0,01P660,甲仙(2),,,,2025-07-07T00:00:00+08:00,,,,,,
,23.141727,120.576962,,,,0.0,64.0,23.0,75.0,75.0,79.0,56.0,61.0,75.0,O1N1A0,大竹坑,,,,2025-07-07T00:00:00+08:00,,,,,,
,23.550319,120.505833,,,,1.0,18.0,9.0,20.5,34.5,116.0,14.5,16.5,20.5,C1M870,國三N285K,,,,2025-07-07T00:00:00+08:00,,,,,,
,22.935472,120.309406,,,,1.0,96.0,14.5,114.0,114.5,116.0,49.0,79.5,114.0,C1N001,沙崙,,,,2025-07-07T00:00:00+08:00,,,,,,
,25.032491,121.611605,,,,0.0,1.0,0.0,1.0,1.0,1.0,0.0,0.0,1.0,A1AC60,九如里,,,,2025-07-07T00:00:00+08:00,,,,,,
,24.614906,121.637272,,,,0.0,13.0,0.0,13.0,13.0,13.0,0.0,0.0,13.0,01U790,清水,,,,2025-07-07T00:00:00+08:00,,,,,,
,24.572486,120.734842,,,,0.0,0.0,0.0,0.0,4.0,4.0,0.0,0.0,0.0,C1E601,南勢,,,,2025-07-07T00:00:00+08:00,,,,,,
,24.635687,121.783933,,,,0.0,19.0,0.0,19.0,19.0,19.0,0.0,5.0,19.0,01U130,冬山,,,,2025-07-07T00:00:00+08:00,,,,,,
-99.0,24.917736,120.968711,,-99.0,0.0,0.0,0.0,0.0,0.0,0.0,0.0,0.0,0.0,0.0,C0D690,外湖,,-99.0,,2025-07-07T00:00:00+08:00,2025-07-07T00:00:00+08:00,,,,-99.0,-99.0
,23.779975,120.871686,,,,0.0,2.0,0.0,3.0,3.0,4.0,0.0,0.0,3.0,O1H540,龍神橋,,,,2025-07-07T00:00:00+08:00,,,,,,
100.0,22.646653,120.356122,,997.0,162.5,0.0,128.0,5.0,162.5,162.5,162.5,59.0,102.5,162.5,C0V440,鳳山,,24.8,,2025-07-07T00:00:00+08:00,2025-07-07T00:00:00+08:00,,,,180.0,1.5
85.0,23.585386,120.555581,,975.0,14.0,1.0,12.5,6.0,14.0,59.0,189.0,9.5,10.5,14.0,C0M770,梅山,,24.5,,2025-07-07T00:00:00+08:00,2025-07-07T00:00:00+08:00,,,,77.0,4.4
90.0,24.256003,120.523381,5.5,-99.0,,0.0,0.0,0.0,0.0,49.0,99.5,0.0,0.0,0.0,C0FA30,梧棲,-99.0,27.6,2025-07-07T00:00:00+08:00,2025-07-07T00:00:00+08:00,,-99,-99,陰,350.0,1.3
100.0,22.810031,121.109308,,956.1,175.5,0.0,41.5,0.5,175.5,185.0,185.0,8.5,15.0,175.5,C0SA10,檳榔四格山,,21.6,,2025-07-07T00:00:00+08:00,2025-07-07T00:00:00+08:00,,,,75.0,0.5
98.0,23.935639,121.508944,,985.6,28.5,0.0,25.5,0.0,28.5,28.5,28.5,0.0,0.0,28.5,C0T870,鯉魚潭,,22.8,,2025-07-07T00:00:00+08:00,2025-07-07T00:00:00+08:00,,,,0.0,0.1
-99.0,22.648275,120.619247,13.4,-99.0,,1.5,67.0,39.5,100.5,104.5,104.5,58.0,60.0,100.5,C2R970,屏科大,-99.0,23.8,2025-07-07T00:00:00+08:00,2025-07-07T00:00:00+08:00,,-99,-99,陰有雨,170.0,3.1
100.0,23.193217,120.315422,,987.2,97.0,7.0,87.5,17.0,97.0,109.0,165.5,60.0,81.5,97.0,C0X130,官田,,23.5,,2025-07-07T00:00:00+08:00,2025-07-07T00:00:00+08:00,,,,236.0,13.3
86.0,24.797653,121.173239,,976.6,0.0,0.0,0.0,0.0,0.0,0.0,0.0,0.0,0.0,0.0,C0D700,關西,,24.5,,2025-07-07T00:00:00+08:00,2025-07-07T00:00:00+08:00,,,,88.0,0.9
,24.367306,120.901656,,,,0.5,0.5,0.5,0.5,6.0,44.0,0.5,0.5,0.5,C1E711,馬拉邦山,,,,2025-07-07T00:00:00+08:00,,,,,,
97.0,23.748675,120.609642,,984.1,8.0,1.5,8.0,5.0,8.0,76.0,156.0,7.0,7.0,8.0,C0K470,林內,,22.8,,2025-07-07T00:00:00+08:00,2025-07-07T00:00:00+08:00,,,,133.0,2.1
97.0,24.368614,121.373189,,731.0,-99.0,,,,,,,,,,C0UA20,多加屯,,11.9,,,2025-07-07T00:00:00+08:00,,,,208.0,4.6
68.0,25.037658,121.514853,13.2,992.2,,0.0,0.0,0.0,0.0,0.0,0.0,0.0,0.0,-990.0,466920,臺北,5.0,29.1,2025-07-07T00:00:00+08:00,2025-07-07T00:00:00+08:00,,0,>30,陰,130.0,4.0
91.0,24.489681,120.790853,,977.0,0.5,0.0,0.0,0.0,0.5,24.5,26.5,0.0,0.0,0.5,C0E780,銅鑼,,26.5,,2025-07-07T00:00:00+08:00,2025-07-07T00:00:00+08:00,,,,0.0,0.0
,24.664908,121.308185,,,,0.0,10.5,0.0,10.5,10.5,10.5,0.0,0.0,10.5,21D150,玉峰,,,,2025-07-07T00:00:00+08:00,,,,,,
,23.590386,120.744799,,,,2.5,10.5,4.0,13.5,28.5,50.0,6.0,6.0,13.5,81M020,豐山,,,,2025-07-07T00:00:00+08:00,,,,,,
63.0,24.978508,121.281819,9.6,-99.0,,0.0,0.0,0.0,0.0,0.0,0.0,0.0,0.0,0.0,V2C260,八德蔬果,-99.0,27.6,2025-07-07T00:00:00+08:00,2025-07-07T00:00:00+08:00,,-99,-99,陰,80.0,3.2
89.0,24.063889,120.523056,7.5,-99.0,,0.0,1.0,0.5,1.0,46.0,50.5,1.0,1.0,1.0,CAG010,國一N198K,-99.0,26.0,2025-07-07T00:00:00+08:00,2025-07-07T00:00:00+08:00,,-99,-99,陰,210.0,2.6
99.0,23.286817,121.411975,,970.1,124.5,0.0,69.5,5.5,124.5,124.5,124.5,9.5,16.0,124.5,C0S830,長濱,,21.5,,2025-07-07T00:00:00+08:00,2025-07-07T00:00:00+08:00,,,,322.0,0.9
100.0,23.416666,120.355,31.5,-99.0,,5.0,62.0,20.5,66.5,101.0,118.0,56.0,59.5,66.5,CAL040,國一N273K,-99.0,23.5,2025-07-07T00:00:00+08:00,2025-07-07T00:00:00+08:00,,-99,-99,陰有雨,140.0,19.0
84.0,24.214641,120.490744,,992.5,1.0,0.0,1.0,0.5,1.0,66.0,79.0,0.5,0.5,1.0,C0FA40,臺中電廠,,27.9,,2025-07-07T00:00:00+08:00,2025-07-07T00:00:00+08:00,,,,20.0,1.6
88.0,23.425381,120.522903,,974.7,44.5,2.5,41.5,23.5,44.5,46.5,97.5,37.5,40.0,44.5,C0M640,中埔,,24.0,,2025-07-07T00:00:00+08:00,2025-07-07T00:00:00+08:00,,,,146.0,14.2
89.0,24.23192,120.9786,,792.6,4.5,0.0,4.5,1.0,4.5,4.5,5.5,2.5,2.5,4.5,C0FB20,雪山橋,,17.2,,2025-07-07T00:00:00+08:00,2025-07-07T00:00:00+08:00,,,,41.0,1.6
100.0,23.023541,120.111633,,994.5,125.5,1.5,108.5,13.0,125.5,126.5,127.0,54.0,90.5,125.5,C0N030,四草,,24.0,,2025-07-07T00:00:00+08:00,2025-07-07T00:00:00+08:00,,,,168.0,21.0
88.0,25.273672,121.6012,,980.1,0.0,0.0,0.0,0.0,0.0,0.0,0.0,0.0,0.0,0.0,C0AJ40,石門,,25.8,,2025-07-07T00:00:00+08:00,2025-07-07T00:00:00+08:00,,,,112.0,5.6
100.0,22.609022,120.985328,,943.0,206.0,0.0,74.0,0.0,206.0,267.5,268.0,9.0,20.5,206.0,C0S690,太麻里,,22.1,,2025-07-07T00:00:00+08:00,2025-07-07T00:00:00+08:00,,,,231.0,1.6
90.0,22.757806,120.30575,,998.1,167.0,2.5,138.0,26.0,167.0,167.0,167.5,63.5,105.5,167.0,C0V760,橋頭,,25.2,,2025-07-07T00:00:00+08:00,2025-07-07T00:00:00+08:00,,,,243.0,6.7
94.0,23.126769,121.401914,,999.3,166.5,1.0,90.5,14.0,166.5,166.5,168.5,27.5,31.5,166.5,C0SB60,白守蓮,,22.8,,2025-07-07T00:00:00+08:00,2025-07-07T00:00:00+08:00,,,,328.0,1.7
,23.001003,121.130944,,,,0.5,43.5,4.5,150.0,161.5,162.5,12.0,27.0,150.0,81S900,加拿國小,,,,2025-07-07T00:00:00+08:00,,,,,,
,24.862306,121.551378,,,,0.0,2.0,0.0,2.0,2.0,2.0,0.0,0.0,2.0,01AD90,覽勝橋,,,,2025-07-07T00:00:00+08:00,,,,,,
96.0,23.536267,120.169311,,976.8,85.0,2.0,81.5,20.0,85.0,175.0,179.5,72.5,78.0,85.0,C0K291,宜梧,,22.9,,2025-07-07T00:00:00+08:00,2025-07-07T00:00:00+08:00,,,,37.0,20.8
93.0,22.792467,121.192669,,997.1,218.0,0.0,65.5,0.0,218.0,230.5,233.5,8.0,18.5,218.0,C0SB20,富岡,,24.4,,2025-07-07T00:00:00+08:00,2025-07-07T00:00:00+08:00,,,,32.0,3.6
92.0,22.205403,120.887614,,977.1,427.0,0.0,107.0,0.0,427.0,533.0,546.0,3.5,10.0,427.0,C0R720,旭海,,25.2,,2025-07-07T00:00:00+08:00,2025-07-07T00:00:00+08:00,,,,208.0,7.3
93.0,24.39798,120.669487,3.5,-99.0,,0.0,0.0,0.0,0.0,41.5,42.0,0.0,0.0,0.0,CAE090,國三S156K,-99.0,26.2,2025-07-07T00:00:00+08:00,2025-07-07T00:00:00+08:00,,-99,-99,陰,10.0,2.2
,23.528204,120.856691,,,,0.5,9.0,1.5,13.0,23.0,30.5,2.5,3.5,13.0,81I530,神木,,,,2025-07-07T00:00:00+08:00,,,,,,
87.0,23.845606,121.592664,,998.6,33.0,0.0,21.5,0.0,33.0,33.0,33.0,0.0,0.5,33.0,C0TA30,鹽寮,,25.2,,2025-07-07T00:00:00+08:00,2025-07-07T00:00:00+08:00,,,,287.0,2.9
90.0,22.645017,120.311233,,996.8,140.0,0.0,107.5,2.0,140.0,140.0,140.0,31.0,62.5,140.0,C0V700,三民,,26.4,,2025-07-07T00:00:00+08:00,2025-07-07T00:00:00+08:00,,,,212.0,7.7
96.0,23.020333,121.323642,,991.8,233.5,0.0,95.5,6.0,233.5,234.0,234.0,26.5,36.5,233.5,C0SA30,都歷,,22.4,,2025-07-07T00:00:00+08:00,2025-07-07T00:00:00+08:00,,,,354.0,0.8
,25.015833,121.804444,,,,0.0,14.5,0.0,14.5,14.5,14.5,0.5,11.0,14.5,81AH70,柑林國小,,,,2025-07-07T00:00:00+08:00,,,,,,
,24.892584,121.745694,,,,0.0,18.0,0.5,18.0,18.0,18.0,0.5,7.0,18.0,L1A800,碧湖,,,,2025-07-07T00:00:00+08:00,,,,,,
85.0,24.870678,120.977211,,979.6,0.0,0.0,0.0,0.0,0.0,0.0,0.0,0.0,0.0,0.0,C0D590,新豐,,25.3,,2025-07-07T00:00:00+08:00,2025-07-07T00:00:00+08:00,,,,37.0,0.4
65.0,25.240002,121.448102,,992.7,0.0,0.0,0.0,0.0,0.0,0.0,0.0,0.0,0.0,0.0,C0AJ60,六塊厝,,29.6,,2025-07-07T00:00:00+08:00,2025-07-07T00:00:00+08:00,,,,20.0,4.1
100.0,24.363714,121.444667,,659.7,-99.0,,,,,,,,,,C0F0E0,南湖圈谷A,,7.8,,,2025-07-07T00:00:00+08:00,,,,128.0,10.8
100.0,22.567419,120.959667,,908.0,246.0,1.0,84.0,2.0,246.0,320.0,321.0,13.5,34.0,246.0,C0SA20,金崙山,,20.5,,2025-07-07T00:00:00+08:00,2025-07-07T00:00:00+08:00,,,,216.0,4.0
87.0,24.522345,120.725006,4.5,-99.0,,0.0,0.0,0.0,0.0,13.0,15.5,0.0,0.0,0.0,CAE080,國三S140K,-99.0,25.1,2025-07-07T00:00:00+08:00,2025-07-07T00:00:00+08:00,,-99,7-10,陰,360.0,0.4
,25.123897,121.503113,,,,0.0,0.0,0.0,0.0,0.0,0.0,0.0,0.0,0.0,A1AB70,奇岩,,,,2025-07-07T00:00:00+08:00,,,,,,
,22.87794,121.226881,,,,0.0,68.0,0.0,209.5,215.0,215.0,9.0,24.0,209.5,C1SA70,都蘭,,,,2025-07-07T00:00:00+08:00,,,,,,
,25.105298,121.474712,,,,0.0,0.0,0.0,0.0,0.0,0.0,0.0,0.0,0.0,A1AB30,中洲,,,,2025-07-07T00:00:00+08:00,,,,,,
,24.644447,121.090961,,,,0.0,2.5,0.0,2.5,6.0,14.5,0.0,0.0,2.5,C1D640,外坪五指,,,,2025-07-07T00:00:00+08:00,,,,,,
99.0,22.702394,121.082761,,1001.3,189.0,0.0,57.5,0.5,189.0,235.5,236.0,6.0,9.0,189.0,C0SA60,知本水試所,,23.4,,2025-07-07T00:00:00+08:00,2025-07-07T00:00:00+08:00,,,,316.0,0.8
-99.0,24.9944,119.449556,,-99.0,-99.0,,,,,,,,,,C0W160,烏坵,,-99.0,,,2025-07-07T00:00:00+08:00,,,,-99.0,-99.0
100.0,22.684872,121.005644,,946.3,218.0,2.5,69.5,3.0,218.0,266.0,266.0,18.0,30.5,218.0,C0S700,知本,,21.4,,2025-07-07T00:00:00+08:00,2025-07-07T00:00:00+08:00,,,,101.0,0.7
,24.798205,121.358193,,,,0.0,0.5,0.0,0.5,0.5,0.5,0.0,0.0,0.5,21C140,霞雲,,,,2025-07-07T00:00:00+08:00,,,,,,
72.0,24.022122,121.132206,,873.8,9.0,0.0,9.0,0.0,9.0,9.0,20.0,0.0,0.0,9.0,C0I390,仁愛,,21.9,,2025-07-07T00:00:00+08:00,2025-07-07T00:00:00+08:00,,,,106.0,2.4
94.0,23.0757,120.363253,,989.6,95.0,2.5,82.5,14.0,95.0,95.0,128.5,54.0,74.5,95.0,C0X180,山上,,23.7,,2025-07-07T00:00:00+08:00,2025-07-07T00:00:00+08:00,,,,205.0,6.9
94.0,22.318619,120.857372,,955.8,365.0,0.5,100.5,0.5,365.0,490.5,516.0,10.0,23.0,365.0,C0S990,山豬窟,,23.9,,2025-07-07T00:00:00+08:00,2025-07-07T00:00:00+08:00,,,,231.0,5.7
78.0,24.966128,121.008583,,993.9,0.0,0.0,0.0,0.0,0.0,0.0,0.0,0.0,0.0,0.0,C0C730,中大臨海站,,26.6,,2025-07-07T00:00:00+08:00,2025-07-07T00:00:00+08:00,,,,0.0,0.2
,24.191961,121.224339,,,,0.5,15.5,1.0,15.5,15.5,15.5,1.5,1.5,15.5,C1I430,翠華,,,,2025-07-07T00:00:00+08:00,,,,,,
84.0,24.429117,120.617483,,992.4,0.5,0.5,0.5,0.5,0.5,15.0,16.0,0.5,0.5,0.5,C0FA10,松柏,,27.1,,2025-07-07T00:00:00+08:00,2025-07-07T00:00:00+08:00,,,,31.0,2.3
,24.156667,120.756667,,,,0.0,0.0,0.0,0.0,32.0,48.0,0.0,0.0,0.0,81F890,坪廓分校,,,,2025-07-07T00:00:00+08:00,,,,,,
97.0,23.234405,120.096125,,977.2,37.0,0.0,28.5,0.0,37.0,38.5,39.0,11.5,22.5,37.0,C0N040,蘆竹溝,,23.7,,2025-07-07T00:00:00+08:00,2025-07-07T00:00:00+08:00,,,,294.0,40.6
,23.028691,120.592901,,,,2.5,89.5,43.0,108.0,109.5,120.5,82.0,84.5,108.0,88V560,集來,,,,2025-07-07T00:00:00+08:00,,,,,,
,24.907093,121.580097,,,,0.0,2.0,0.0,2.0,2.0,2.0,0.0,0.0,2.0,L1A790,翡翠,,,,2025-07-07T00:00:00+08:00,,,,,,
100.0,23.797131,121.542514,,973.2,35.0,0.0,22.5,0.0,35.0,35.0,35.0,0.0,1.0,35.0,C0T9F0,水璉,,22.5,,2025-07-07T00:00:00+08:00,2025-07-07T00:00:00+08:00,,,,264.0,1.3
,23.010004,121.148008,,,,0.5,41.5,4.0,142.5,151.0,151.0,10.0,23.0,142.5,81S570,月眉國小,,,,2025-07-07T00:00:00+08:00,,,,,,
,24.680903,121.748775,,,,0.0,15.0,0.0,15.0,15.0,15.0,0.0,5.0,15.0,01U190,新北城,,,,2025-07-07T00:00:00+08:00,,,,,,
-99.0,22.767777,120.444444,10.6,-99.0,,10.0,156.5,18.5,180.5,181.5,201.0,104.0,141.5,180.5,CAP060,國三S385K,-99.0,24.0,2025-07-07T00:00:00+08:00,2025-07-07T00:00:00+08:00,,-99,1.4,陰有雨,230.0,2.2
97.0,22.797078,120.294958,,998.7,156.0,1.5,129.0,12.0,156.0,156.0,156.5,55.5,99.0,156.0,C0V660,岡山,,25.4,,2025-07-07T00:00:00+08:00,2025-07-07T00:00:00+08:00,,,,246.0,4.9
88.0,24.498589,120.673878,,993.3,0.0,0.0,0.0,0.0,0.0,17.5,17.5,0.0,0.0,0.0,C0E920,通霄漁港,,26.3,,2025-07-07T00:00:00+08:00,2025-07-07T00:00:00+08:00,,,,62.0,0.7
89.0,25.129036,121.923372,,989.5,41.5,0.5,41.5,0.5,41.5,42.5,42.5,0.5,38.5,41.5,C0A950,鼻頭角,,28.0,,2025-07-07T00:00:00+08:00,2025-07-07T00:00:00+08:00,,,,165.0,15.4
,22.886245,120.664037,,,,6.0,73.0,53.0,101.5,102.0,102.5,65.0,67.0,101.5,81V960,茂林國小,,,,2025-07-07T00:00:00+08:00,,,,,,
99.0,23.331169,120.508025,,949.5,78.5,3.5,73.0,29.5,78.5,130.5,197.0,68.5,71.0,78.5,C0X240,關子嶺,,22.6,,2025-07-07T00:00:00+08:00,2025-07-07T00:00:00+08:00,,,,169.0,4.8
54.0,24.820208,121.352281,,943.4,0.5,0.0,0.5,0.0,0.5,0.5,0.5,0.0,0.0,0.5,C0C460,復興,,27.5,,2025-07-07T00:00:00+08:00,2025-07-07T00:00:00+08:00,,,,130.0,1.5
55.0,24.526972,121.11605,,801.9,0.0,0.0,0.0,0.0,0.0,0.0,9.5,0.0,0.0,0.0,C0D550,雪霸,,20.3,,2025-07-07T00:00:00+08:00,2025-07-07T00:00:00+08:00,,,,192.0,0.4
97.0,23.884447,120.766406,1.3,-99.0,,0.0,2.0,1.0,2.5,21.5,25.0,1.0,1.0,2.5,C2H950,中寮,-99.0,23.4,2025-07-07T00:00:00+08:00,2025-07-07T00:00:00+08:00,,-99,-99,陰,0.0,0.2
-99.0,22.968258,120.257689,,994.0,140.0,1.5,121.0,12.0,140.0,142.0,146.0,59.5,103.5,140.0,C0X160,仁德,,-99.0,,2025-07-07T00:00:00+08:00,2025-07-07T00:00:00+08:00,,,,221.0,8.3
,22.879521,120.481673,,,,0.0,96.0,10.0,118.0,118.0,144.0,77.0,87.0,118.0,O1P470,旗山(4),,,,2025-07-07T00:00:00+08:00,,,,,,
95.0,23.313644,121.459994,,996.4,142.5,3.0,92.0,10.5,142.5,142.5,142.5,11.5,17.0,142.5,C0SB80,長濱漁港,,23.0,,2025-07-07T00:00:00+08:00,2025-07-07T00:00:00+08:00,,,,278.0,2.2
99.0,23.081672,120.062894,49.6,-99.0,,3.5,105.0,36.5,119.5,132.0,134.5,62.0,93.0,119.5,72N240,七股研究中心,-99.0,24.2,2025-07-07T00:00:00+08:00,2025-07-07T00:00:00+08:00,,-99,-99,陰有雨,220.0,18.7
91.0,22.7405,120.490503,,995.1,111.5,0.0,85.5,13.5,111.5,112.0,116.0,61.5,76.5,111.5,C0R490,九如,,25.3,,2025-07-07T00:00:00+08:00,2025-07-07T00:00:00+08:00,,,,183.0,5.2
93.0,24.78333,121.1211,3.1,-99.0,,0.0,0.5,0.0,0.5,0.5,0.5,0.0,0.0,0.5,CAD080,國三N085K,-99.0,23.7,2025-07-07T00:00:00+08:00,2025-07-07T00:00:00+08:00,,-99,>30,陰,70.0,0.9
100.0,23.5239,121.390211,,988.5,70.5,0.5,36.5,2.0,70.5,87.5,87.5,3.0,6.5,70.5,C0Z210,瑞穗,,23.0,,2025-07-07T00:00:00+08:00,2025-07-07T00:00:00+08:00,,,,138.0,0.3
,23.820778,120.642594,,,,0.5,4.0,2.5,4.5,26.0,77.5,4.0,4.0,4.5,C1I280,埔中,,,,2025-07-07T00:00:00+08:00,,,,,,
95.0,22.650775,120.527192,,997.1,111.0,1.5,81.0,23.0,111.0,112.5,112.5,63.5,67.0,111.0,C0R570,麟洛,,25.4,,2025-07-07T00:00:00+08:00,2025-07-07T00:00:00+08:00,,,,54.0,5.2
97.0,23.14841,120.63325,,951.3,57.5,2.0,47.5,24.0,57.5,57.5,61.5,43.0,46.0,57.5,C0V820,小林,,22.8,,2025-07-07T00:00:00+08:00,2025-07-07T00:00:00+08:00,,,,360.0,6.8
75.0,25.07639,121.4964,12.3,-99.0,,0.0,0.0,0.0,0.0,0.0,0.0,0.0,0.0,0.0,CAA020,國一S026K,-99.0,28.8,2025-07-07T00:00:00+08:00,2025-07-07T00:00:00+08:00,,-99,7-10,陰,90.0,6.5
,24.528034,120.913109,,,,0.0,0.0,0.0,0.0,16.0,40.0,0.0,0.0,0.0,01E370,和興,,,,2025-07-07T00:00:00+08:00,,,,,,
100.0,22.605614,120.395717,,997.4,206.0,1.0,171.0,22.5,206.0,206.0,206.0,88.5,141.0,206.0,C0V730,大寮,,24.9,,2025-07-07T00:00:00+08:00,2025-07-07T00:00:00+08:00,,,,229.0,5.2
88.0,22.877755,120.212747,,997.5,141.0,1.0,115.5,15.0,141.0,141.0,141.0,48.0,94.0,141.0,C0V880,興達,,25.5,,2025-07-07T00:00:00+08:00,2025-07-07T00:00:00+08:00,,,,235.0,15.0
92.0,23.86008,120.6375,6.4,-99.0,,0.5,3.5,2.0,4.0,85.0,135.5,3.0,3.5,4.0,CAH030,茶改場竹圍站,-99.0,22.6,2025-07-07T00:00:00+08:00,2025-07-07T00:00:00+08:00,,-99,-99,陰有雨,210.0,1.6
78.0,24.751724,120.905028,3.9,-99.0,,0.0,0.0,0.0,0.0,0.5,1.5,0.0,0.0,0.0,CAD110,西濱S082K,-99.0,26.6,2025-07-07T00:00:00+08:00,2025-07-07T00:00:00+08:00,,-99,>30,陰,-99.0,1.5
,25.037192,121.585606,,,,0.0,0.5,0.0,0.5,0.5,0.5,0.0,0.0,0.5,A1AA60,留公國中,,,,2025-07-07T00:00:00+08:00,,,,,,
,23.337816,120.683124,,,,4.0,24.0,15.5,30.5,35.5,70.5,19.5,20.5,30.5,81M670,新美國小,,,,2025-07-07T00:00:00+08:00,,,,,,
,23.421147,121.267631,,,,1.0,40.5,5.0,72.0,77.0,78.0,7.0,13.5,72.0,C1Z240,中平林道,,,,2025-07-07T00:00:00+08:00,,,,,,
85.0,23.360694,120.279361,43.1,-99.0,,0.0,88.0,6.5,94.0,180.0,199.0,65.0,83.0,94.0,72M360,義竹分場,-99.0,25.2,2025-07-07T00:00:00+08:00,2025-07-07T00:00:00+08:00,,-99,-99,陰,170.0,19.1
83.0,25.129142,121.577086,,948.7,1.5,0.0,1.5,0.0,1.5,1.5,1.5,0.5,1.5,1.5,C0AH40,平等,,25.3,,2025-07-07T00:00:00+08:00,2025-07-07T00:00:00+08:00,,,,276.0,2.4
,24.488418,121.426136,,,,0.0,10.0,0.0,10.0,10.0,10.0,0.0,0.0,10.0,01U780,四季,,,,2025-07-07T00:00:00+08:00,,,,,,
,24.333611,120.920278,,,,0.0,0.0,0.0,0.0,21.0,75.0,0.0,0.0,0.0,81F910,達觀國小,,,,2025-07-07T00:00:00+08:00,,,,,,
93.0,23.22881,120.29962,48.7,-99.0,,3.0,83.0,16.0,91.0,151.0,191.5,57.0,78.0,91.0,CAN140,六官養殖協會,-99.0,23.4,2025-07-07T00:00:00+08:00,2025-07-07T00:00:00+08:00,,-99,-99,陰有雨,230.0,30.7
-99.0,24.251494,120.589683,-99.0,-99.0,,,,,,,,,,-99.0,CAF960,國三S175K,-99.0,-99.0,2025-07-07T00:00:00+08:00,,,-99,-99,陰,-99.0,-99.0
95.0,24.495722,120.829111,1.6,-99.0,,0.0,0.0,0.0,0.0,17.5,25.5,0.0,0.0,0.0,K2E360,苗栗農改,-99.0,24.6,2025-07-07T00:00:00+08:00,2025-07-07T00:00:00+08:00,,-99,-99,陰,10.0,0.5
,25.031696,121.521906,,,,0.0,0.0,0.0,0.0,0.0,0.0,0.0,0.0,0.0,A1A9Z0,中正國中,,,,2025-07-07T00:00:00+08:00,,,,,,
89.0,22.049094,121.512142,,1000.5,96.0,0.0,14.5,0.0,96.0,118.0,118.5,0.0,0.0,96.0,C0S900,蘭嶼高中,,28.7,,2025-07-07T00:00:00+08:00,2025-07-07T00:00:00+08:00,,,,197.0,6.9
100.0,23.346388,120.438888,27.3,-99.0,,3.5,56.5,17.5,62.0,121.0,166.0,52.5,55.5,62.0,CAN060,國三S311K,-99.0,23.5,2025-07-07T00:00:00+08:00,2025-07-07T00:00:00+08:00,,-99,<1,陰有雨,150.0,14.1
99.0,22.813889,121.071278,3.5,-99.0,,1.0,46.5,2.0,183.0,197.5,197.5,15.5,22.5,183.0,72S590,賓朗果園,-99.0,21.6,2025-07-07T00:00:00+08:00,2025-07-07T00:00:00+08:00,,-99,-99,陰有雨,50.0,1.1
97.0,23.0835,120.251897,33.5,-99.0,,4.0,155.5,27.0,168.5,168.5,176.0,108.5,142.5,168.5,CAN150,國一N315K,-99.0,23.6,2025-07-07T00:00:00+08:00,2025-07-07T00:00:00+08:00,,-99,<1,陰有雨,250.0,21.2
100.0,23.455167,121.495028,,991.2,102.0,0.5,67.5,3.5,102.0,102.0,102.0,3.5,7.0,102.0,C0T9M0,靜浦,,22.9,,2025-07-07T00:00:00+08:00,2025-07-07T00:00:00+08:00,,,,292.0,1.6
,25.175833,121.689444,,,,0.0,3.5,0.0,3.5,3.5,3.5,0.0,3.5,3.5,81AH50,萬里國小,,,,2025-07-07T00:00:00+08:00,,,,,,
65.0,24.992425,121.323172,,983.2,0.0,0.0,0.0,0.0,0.0,0.0,0.0,0.0,0.0,0.0,C0C480,桃園,,28.2,,2025-07-07T00:00:00+08:00,2025-07-07T00:00:00+08:00,,,,130.0,2.2
73.0,24.982361,121.471042,8.1,-99.0,,0.0,0.0,0.0,0.0,0.0,0.0,0.0,0.0,0.0,CAA050,國三S037K,-99.0,28.1,2025-07-07T00:00:00+08:00,2025-07-07T00:00:00+08:00,,-99,-99,陰,60.0,2.1
,23.77896,120.896691,,,,0.5,3.0,0.5,4.0,4.0,7.0,1.0,1.0,4.0,81H940,人和國小,,,,2025-07-07T00:00:00+08:00,,,,,,
99.0,22.760558,120.267211,,998.3,143.5,3.0,115.5,17.0,143.5,143.5,143.5,54.0,90.0,143.5,C0V610,梓官,,24.5,,2025-07-07T00:00:00+08:00,2025-07-07T00:00:00+08:00,,,,240.0,8.1
88.0,22.142069,120.894356,,988.8,382.5,0.0,83.5,0.0,382.5,474.0,506.5,3.5,5.0,382.5,C0R790,九棚,,26.4,,2025-07-07T00:00:00+08:00,2025-07-07T00:00:00+08:00,,,,201.0,8.3
,24.982222,121.690278,,,,0.0,7.0,0.0,7.0,7.0,7.0,0.0,4.0,7.0,81AJ30,華梵大學,,,,2025-07-07T00:00:00+08:00,,,,,,
,22.990682,120.509017,,,,0.0,86.0,10.0,102.0,102.0,136.0,75.0,81.0,102.0,O1V810,溝坪,,,,2025-07-07T00:00:00+08:00,,,,,,
95.0,24.535811,120.795983,2.6,-99.0,,0.0,0.0,0.0,0.0,21.0,29.5,0.0,0.0,0.0,C2E970,八甲,-99.0,25.0,2025-07-07T00:00:00+08:00,2025-07-07T00:00:00+08:00,,-99,-99,陰,240.0,0.4
86.0,24.312558,120.824361,,954.3,0.5,0.0,0.5,0.5,0.5,5.5,104.5,0.5,0.5,0.5,C0E791,卓蘭,,24.7,,2025-07-07T00:00:00+08:00,2025-07-07T00:00:00+08:00,,,,115.0,1.0
,24.687014,120.960275,,,,0.0,0.0,0.0,0.0,5.0,19.0,0.0,0.0,0.0,01E240,珊珠湖,,,,2025-07-07T00:00:00+08:00,,,,,,
99.0,23.57543,120.14121,38.5,-99.0,,4.5,44.0,18.0,45.0,88.0,89.0,39.5,42.5,45.0,CAJ050,海口故事園區,-99.0,23.7,2025-07-07T00:00:00+08:00,2025-07-07T00:00:00+08:00,,-99,-99,陰有雨,40.0,27.1
85.0,10.370203,114.364286,9.1,1011.7,,0.0,0.0,0.0,6.0,14.0,14.5,0.0,0.0,6.0,469020,南沙島,-99.0,28.3,2025-07-07T00:00:00+08:00,2025-07-07T00:00:00+08:00,,-99,-99,-99,200.0,5.5
,23.084972,120.788475,,,,6.0,51.0,40.5,75.0,75.5,75.5,43.0,44.0,75.0,C1V580,溪南(特),,,,2025-07-07T00:00:00+08:00,,,,,,
,23.475173,120.620189,,,,0.0,22.0,14.0,25.0,25.0,102.0,19.0,21.0,25.0,01L390,大湖山,,,,2025-07-07T00:00:00+08:00,,,,,,
98.0,23.189481,120.335297,30.7,-99.0,,6.5,87.5,23.0,97.0,112.5,166.5,62.5,82.0,97.0,C2N160,西拉雅風管處,-99.0,23.2,2025-07-07T00:00:00+08:00,2025-07-07T00:00:00+08:00,,-99,-99,陰有雨,210.0,16.5
,24.090736,121.032224,,,,0.0,4.0,1.0,4.0,4.0,9.0,1.0,1.0,4.0,00H810,惠蓀(2),,,,2025-07-07T00:00:00+08:00,,,,,,
,25.016894,121.554305,,,,0.0,0.0,0.0,0.0,0.0,0.0,0.0,0.0,0.0,A1AG60,福州山,,,,2025-07-07T00:00:00+08:00,,,,,,
60.0,24.944503,121.386972,12.7,-99.0,,0.0,0.0,0.0,0.0,0.0,0.0,0.0,0.0,0.0,72AI40,桃改臺北,-99.0,28.3,2025-07-07T00:00:00+08:00,2025-07-07T00:00:00+08:00,,-99,-99,陰,40.0,5.1
71.0,25.006725,121.047492,6.7,992.2,,0.0,0.0,0.0,0.0,0.0,0.0,0.0,0.0,0.0,467050,新屋,2.7,27.7,2025-07-07T00:00:00+08:00,2025-07-07T00:00:00+08:00,,0,>30,陰,70.0,3.2
,24.742156,120.906944,,,,0.0,0.0,0.0,0.0,0.0,0.0,0.0,0.0,0.0,O1D580,內湖國小,,,,2025-07-07T00:00:00+08:00,,,,,,
87.0,24.4472,120.6428,5.3,-99.0,,0.0,0.0,0.0,0.0,19.0,19.0,0.0,0.0,0.0,CAE110,西濱S129K,-99.0,27.1,2025-07-07T00:00:00+08:00,2025-07-07T00:00:00+08:00,,-99,21-30,陰,40.0,2.3
,24.42585,121.749405,,,,0.0,23.0,0.0,23.0,23.0,23.0,0.0,0.0,23.0,01U450,樟林,,,,2025-07-07T00:00:00+08:00,,,,,,
,24.437089,121.379327,,,,0.0,11.0,0.0,11.0,11.0,11.0,0.0,1.0,11.0,01U080,南山,,,,2025-07-07T00:00:00+08:00,,,,,,
89.0,24.154094,121.164517,4.7,-99.0,,0.0,8.5,0.0,8.5,8.5,10.0,0.5,0.5,8.5,C2H9M0,發祥,-99.0,19.3,2025-07-07T00:00:00+08:00,2025-07-07T00:00:00+08:00,,-99,-99,陰,290.0,1.5
,23.684836,121.482088,,,,0.0,20.0,0.0,33.0,33.0,33.0,0.0,2.0,33.0,01T9L0,東富,,,,2025-07-07T00:00:00+08:00,,,,,,
99.0,23.453994,120.749517,,892.4,30.5,4.5,25.0,17.0,30.5,31.5,34.5,19.0,19.5,30.5,C0M820,達邦,,19.3,,2025-07-07T00:00:00+08:00,2025-07-07T00:00:00+08:00,,,,56.0,2.2
95.0,23.241856,120.641658,,920.0,60.0,4.5,52.0,33.0,60.0,64.0,123.0,48.0,50.5,60.0,C0M850,表湖,,20.9,,2025-07-07T00:00:00+08:00,2025-07-07T00:00:00+08:00,,,,243.0,1.5
97.0,22.508275,120.359141,,999.4,152.5,1.0,112.0,15.0,152.5,154.0,154.0,40.0,73.0,152.5,C0V840,鳳鼻頭,,25.7,,2025-07-07T00:00:00+08:00,2025-07-07T00:00:00+08:00,,,,207.0,11.8
96.0,22.997889,120.633583,,970.3,93.5,6.0,75.0,43.0,93.5,97.0,103.0,68.0,72.0,93.5,C0V800,六龜,,23.8,,2025-07-07T00:00:00+08:00,2025-07-07T00:00:00+08:00,,,,194.0,1.6
,24.829997,121.748477,,,,0.0,17.0,0.0,17.0,17.0,17.0,0.0,8.0,17.0,01U460,五峰,,,,2025-07-07T00:00:00+08:00,,,,,,
,24.531772,121.451236,,,,0.0,10.0,0.0,10.0,10.0,10.0,0.0,0.0,10.0,01U070,留茂安,,,,2025-07-07T00:00:00+08:00,,,,,,
100.0,24.760717,121.58135,,928.4,12.0,0.0,12.0,0.0,12.0,12.0,12.0,0.0,3.0,12.0,C0AH90,福山植物園,,20.9,,2025-07-07T00:00:00+08:00,2025-07-07T00:00:00+08:00,,,,195.0,0.4
,22.238911,120.858903,,,,0.0,87.5,0.0,415.5,546.0,576.5,3.5,9.0,415.5,C1S880,壽卡,,,,2025-07-07T00:00:00+08:00,,,,,,
99.0,23.058972,120.336406,15.4,-99.0,,2.0,92.5,19.0,104.5,104.5,135.5,59.0,83.5,104.5,B2N890,畜試所,-99.0,23.6,2025-07-07T00:00:00+08:00,2025-07-07T00:00:00+08:00,,-99,-99,陰有雨,200.0,4.3
100.0,23.069131,121.126219,,831.1,140.5,2.5,56.5,9.5,140.5,154.5,155.5,26.0,36.5,140.5,C0S760,紅石,,16.4,,2025-07-07T00:00:00+08:00,2025-07-07T00:00:00+08:00,,,,116.0,0.5
69.0,24.951533,121.346294,,984.7,0.0,0.0,0.0,0.0,0.0,0.0,0.0,0.0,0.0,0.0,C0AD50,鶯歌,,30.1,,2025-07-07T00:00:00+08:00,2025-07-07T00:00:00+08:00,,,,87.0,6.2
95.0,22.332244,120.362236,,-99.0,108.0,1.5,51.0,5.5,108.0,137.0,137.0,12.0,20.5,108.0,C0R270,琉球嶼,,26.0,,2025-07-07T00:00:00+08:00,2025-07-07T00:00:00+08:00,,,,276.0,6.7
90.0,24.26867,121.03062,,741.5,6.0,0.5,6.0,1.0,6.0,10.5,10.5,2.5,2.5,6.0,C0FA70,大雪山埡口,,15.3,,2025-07-07T00:00:00+08:00,2025-07-07T00:00:00+08:00,,,,91.0,2.1
,23.661789,120.807647,,,,1.5,8.5,3.0,11.5,11.5,16.5,5.0,5.0,11.5,C1I101,溪頭,,,,2025-07-07T00:00:00+08:00,,,,,,
,25.059693,121.566707,,,,0.0,0.0,0.0,0.0,0.0,0.0,0.0,0.0,0.0,A1A9Y0,民生國中,,,,2025-07-07T00:00:00+08:00,,,,,,
91.0,23.35893,120.18026,16.3,-99.0,,,,,,,,,,-99.0,CAL110,布袋國中,-99.0,25.9,2025-07-07T00:00:00+08:00,,,-99,-99,陰,-99.0,-99.0
90.0,22.667203,121.475328,,987.8,279.0,0.0,145.5,0.5,279.0,325.0,349.0,9.5,41.0,279.0,C0S730,綠島,,26.4,,2025-07-07T00:00:00+08:00,2025-07-07T00:00:00+08:00,,,,237.0,6.8
,24.425484,120.727759,,,,0.0,0.0,0.0,0.0,60.0,61.0,0.0,0.0,0.0,01E330,大坪頂,,,,2025-07-07T00:00:00+08:00,,,,,,
100.0,23.079561,120.495008,,984.3,92.0,4.0,79.5,12.0,92.0,92.0,122.5,69.0,76.5,92.0,C0O830,北寮,,23.2,,2025-07-07T00:00:00+08:00,2025-07-07T00:00:00+08:00,,,,167.0,5.4
93.0,24.776203,121.502811,3.5,-99.0,,0.0,4.0,0.0,4.0,4.0,4.0,0.0,0.0,4.0,C2A560,福山,-99.0,21.8,2025-07-07T00:00:00+08:00,2025-07-07T00:00:00+08:00,,-99,-99,陰,200.0,0.9
95.0,24.413925,121.783247,,937.1,26.5,0.0,26.5,0.0,26.5,26.5,26.5,0.0,0.0,26.5,C0UA60,樟樹山,,20.9,,2025-07-07T00:00:00+08:00,2025-07-07T00:00:00+08:00,,,,184.0,1.6
63.0,24.42595,121.01347,,798.0,1.5,0.0,1.5,0.0,1.5,1.5,30.5,0.5,0.5,1.5,C0E940,雪見,,19.2,,2025-07-07T00:00:00+08:00,2025-07-07T00:00:00+08:00,,,,72.0,3.0
,23.584167,120.695634,,,,0.0,10.0,4.0,13.0,60.0,128.0,7.0,7.0,13.0,01J970,草嶺(2),,,,2025-07-07T00:00:00+08:00,,,,,,
,24.42364,120.869835,,,,0.0,0.0,0.0,0.0,31.0,60.0,0.0,0.0,0.0,01E270,大湖(1),,,,2025-07-07T00:00:00+08:00,,,,,,
96.0,23.3052,120.14891,48.5,-99.0,,1.0,72.0,2.5,79.0,115.5,122.0,43.0,63.0,79.0,CAN110,西濱S280K,-99.0,23.9,2025-07-07T00:00:00+08:00,2025-07-07T00:00:00+08:00,,-99,<1,陰有雨,280.0,32.8
,23.728722,120.712097,,,,0.5,3.5,1.5,4.0,8.5,39.0,2.5,2.5,4.0,C1I201,中心崙,,,,2025-07-07T00:00:00+08:00,,,,,,
,23.727778,121.4975,,,,0.0,21.0,0.0,32.5,32.5,32.5,0.0,1.0,32.5,81T860,山興分校,,,,2025-07-07T00:00:00+08:00,,,,,,
99.0,23.678725,120.478347,,985.3,22.5,1.0,21.5,15.0,22.5,76.5,114.5,19.0,20.0,22.5,C0K460,斗南,,22.8,,2025-07-07T00:00:00+08:00,2025-07-07T00:00:00+08:00,,,,90.0,7.4
,24.829422,121.071412,,,,0.0,0.0,0.0,0.0,0.0,0.0,0.0,0.0,0.0,01D310,新埔(1),,,,2025-07-07T00:00:00+08:00,,,,,,
,23.240357,120.696723,,,,0.0,42.0,28.0,52.0,55.0,84.0,36.0,38.0,52.0,O1V520,民權,,,,2025-07-07T00:00:00+08:00,,,,,,
92.0,23.565503,119.563094,17.4,995.7,,0.5,33.0,3.0,36.0,53.5,53.5,9.5,16.5,36.0,467350,澎湖,0.0,26.7,2025-07-07T00:00:00+08:00,2025-07-07T00:00:00+08:00,,0,3-6,陰有雨,320.0,6.0
,23.539612,120.66493,,,,3.5,18.5,12.0,22.0,79.5,120.5,15.5,16.0,22.0,81M810,瑞里國小,,,,2025-07-07T00:00:00+08:00,,,,,,
-99.0,24.148933,120.484403,,-99.0,-99.0,,,,,,,,,,C0G890,伸港,,-99.0,,,2025-07-07T00:00:00+08:00,,,,-99.0,-99.0
79.0,25.283128,121.519058,,991.4,0.0,0.0,0.0,0.0,0.0,0.0,0.0,0.0,0.0,0.0,C0AI20,白沙灣,,27.7,,2025-07-07T00:00:00+08:00,2025-07-07T00:00:00+08:00,,,,151.0,5.8
81.0,24.120939,121.189303,4.9,-99.0,,0.0,12.0,1.0,12.0,12.0,13.0,1.5,1.5,12.0,C2H9Q0,北東眼山,-99.0,16.6,2025-07-07T00:00:00+08:00,2025-07-07T00:00:00+08:00,,-99,-99,陰,70.0,2.2
99.0,23.468114,121.374069,,973.5,74.0,0.5,45.5,1.0,74.0,74.0,74.0,2.5,7.0,74.0,C0Z070,舞鶴,,22.0,,2025-07-07T00:00:00+08:00,2025-07-07T00:00:00+08:00,,,,0.0,0.2
,23.360891,119.500614,,,,0.0,127.0,4.0,137.0,143.0,143.0,23.0,101.0,137.0,01W010,望安,,,,2025-07-07T00:00:00+08:00,,,,,,
,24.853611,121.4375,,,,0.0,0.0,0.0,0.0,0.0,0.0,0.0,0.0,0.0,81AI20,有木國小,,,,2025-07-07T00:00:00+08:00,,,,,,
100.0,23.59555,120.693461,9.3,-99.0,,0.0,11.0,6.0,13.5,23.0,73.0,8.5,9.0,13.5,C2K240,草嶺,-99.0,18.0,2025-07-07T00:00:00+08:00,2025-07-07T00:00:00+08:00,,-99,-99,陰,120.0,5.4
91.0,22.623325,120.275575,,998.5,99.5,0.0,64.5,1.5,99.5,99.5,99.5,19.5,36.0,99.5,C0V690,鼓山,,26.2,,2025-07-07T00:00:00+08:00,2025-07-07T00:00:00+08:00,,,,221.0,10.3
91.0,23.219333,119.444892,,994.8,269.0,1.5,255.0,9.5,269.0,269.0,269.0,73.0,219.0,269.0,C0W180,七美,,25.4,,2025-07-07T00:00:00+08:00,2025-07-07T00:00:00+08:00,,,,312.0,11.3
99.0,23.590856,120.888864,1.9,-99.0,,0.5,8.5,2.0,11.5,11.5,14.0,3.0,3.0,11.5,U2HA30,臺大和社,-99.0,20.4,2025-07-07T00:00:00+08:00,2025-07-07T00:00:00+08:00,,-99,-99,陰有雨,30.0,0.3
95.0,22.587569,120.993375,,997.2,215.5,0.5,77.5,1.0,215.5,291.5,292.0,9.5,17.0,215.5,C0S960,香蘭,,23.5,,2025-07-07T00:00:00+08:00,2025-07-07T00:00:00+08:00,,,,341.0,0.3
,23.854531,120.869499,,,,0.0,0.0,0.0,0.0,0.0,3.0,0.0,0.0,0.0,81H900,大觀發電廠,,,,2025-07-07T00:00:00+08:00,,,,,,
86.0,24.76056,120.9911,2.7,-99.0,,0.0,0.5,0.0,0.5,0.5,1.0,0.0,0.0,0.5,CAD060,國一S098K,-99.0,25.8,2025-07-07T00:00:00+08:00,2025-07-07T00:00:00+08:00,,-99,-99,陰,120.0,1.2
96.0,23.657717,120.595144,3.6,-99.0,,2.0,12.0,8.5,13.5,63.5,170.5,11.0,11.5,13.5,C2K630,荷苞,-99.0,22.5,2025-07-07T00:00:00+08:00,2025-07-07T00:00:00+08:00,,-99,-99,陰有雨,100.0,2.2
100.0,23.338017,120.683331,,933.8,37.5,2.5,30.5,21.5,37.5,42.0,77.5,26.0,27.5,37.5,C0M860,新美,,21.8,,2025-07-07T00:00:00+08:00,2025-07-07T00:00:00+08:00,,,,116.0,1.5
,24.934158,121.593283,,,,0.0,3.5,0.0,3.5,3.5,3.5,0.0,0.5,3.5,C1A9N0,四十份,,,,2025-07-07T00:00:00+08:00,,,,,,
,25.079005,121.696626,,,,0.0,3.0,0.0,3.0,3.0,3.0,0.0,3.0,3.0,01B030,五堵,,,,2025-07-07T00:00:00+08:00,,,,,,
,22.854222,120.5454,,,,2.5,75.0,18.0,96.5,97.0,125.5,67.0,68.5,96.5,C1V570,吉東,,,,2025-07-07T00:00:00+08:00,,,,,,
,22.419298,120.683098,,,,0.0,46.0,10.0,106.0,140.0,140.0,12.0,20.0,106.0,01R030,大漢山,,,,2025-07-07T00:00:00+08:00,,,,,,
,24.157728,121.623597,,,,0.0,32.0,0.0,33.5,33.5,34.0,0.0,0.0,33.5,C1TA00,太魯閣,,,,2025-07-07T00:00:00+08:00,,,,,,
80.0,25.066739,121.628153,7.0,-99.0,,0.0,0.5,0.0,0.5,0.5,0.5,0.0,0.5,0.5,CAA010,國一N013K,-99.0,28.3,2025-07-07T00:00:00+08:00,2025-07-07T00:00:00+08:00,,-99,-99,陰,40.0,2.9
94.0,25.233153,121.595236,,972.1,1.0,0.0,1.0,0.0,1.0,1.0,1.0,0.0,1.0,1.0,C0A931,三和,,25.5,,2025-07-07T00:00:00+08:00,2025-07-07T00:00:00+08:00,,,,120.0,2.5
,24.171842,121.571269,,,,0.0,23.0,0.0,23.0,23.0,23.0,0.0,0.0,23.0,C1T830,布洛灣,,,,2025-07-07T00:00:00+08:00,,,,,,
90.0,23.604119,120.403556,,986.2,31.5,1.5,29.5,13.5,31.5,39.5,51.0,25.0,28.0,31.5,C0M660,溪口,,23.9,,2025-07-07T00:00:00+08:00,2025-07-07T00:00:00+08:00,,,,86.0,10.4
,23.071961,120.757042,,,,8.0,59.5,48.0,80.5,80.5,82.5,54.0,55.0,80.5,C1V600,藤枝,,,,2025-07-07T00:00:00+08:00,,,,,,
84.0,25.207031,121.690022,,989.0,1.0,0.0,1.0,0.0,1.0,1.0,1.0,0.0,1.0,1.0,C0AJ20,野柳,,27.7,,2025-07-07T00:00:00+08:00,2025-07-07T00:00:00+08:00,,,,126.0,10.9
92.0,21.931672,120.838942,,989.5,199.0,0.0,27.0,0.5,199.0,287.5,311.0,11.5,11.5,199.0,C0R710,龍磐,,26.7,,2025-07-07T00:00:00+08:00,2025-07-07T00:00:00+08:00,,,,233.0,8.7
,24.449458,121.77722,,,,0.0,25.0,0.0,25.0,25.0,25.0,0.0,0.0,25.0,01U470,武塔,,,,2025-07-07T00:00:00+08:00,,,,,,
93.0,22.416933,120.519661,,999.3,87.0,0.5,38.5,22.0,87.0,91.5,91.5,26.5,28.0,87.0,C0R920,塭仔,,25.8,,2025-07-07T00:00:00+08:00,2025-07-07T00:00:00+08:00,,,,250.0,18.1
,23.800493,120.464851,,,,0.0,6.0,3.0,6.0,63.0,154.0,6.0,6.0,6.0,01J100,西螺(2),,,,2025-07-07T00:00:00+08:00,,,,,,
100.0,22.825958,120.415519,14.3,-99.0,,5.0,159.5,19.0,180.0,180.0,192.0,105.0,141.5,180.0,CAV280,國三S378K,-99.0,24.0,2025-07-07T00:00:00+08:00,2025-07-07T00:00:00+08:00,,-99,<1,陰有雨,220.0,4.5
,24.356087,120.729316,,,,0.0,0.5,0.0,0.5,45.0,64.5,0.0,0.5,0.5,81E880,火炎山,,,,2025-07-07T00:00:00+08:00,,,,,,
96.0,23.756972,120.681556,2.8,-99.0,,1.0,4.5,2.5,4.5,29.0,89.5,3.5,4.0,4.5,U2HA50,臺大竹山,-99.0,23.2,2025-07-07T00:00:00+08:00,2025-07-07T00:00:00+08:00,,-99,-99,陰有雨,160.0,0.5
,22.838676,121.139022,,,,0.0,49.0,0.0,222.0,230.0,232.0,8.0,15.0,222.0,O1S650,利吉國小,,,,2025-07-07T00:00:00+08:00,,,,,,
95.0,24.681836,121.749344,,997.3,14.5,0.0,14.5,0.0,14.5,14.5,14.5,0.0,4.5,14.5,C0U940,羅東,,24.1,,2025-07-07T00:00:00+08:00,2025-07-07T00:00:00+08:00,,,,271.0,0.4
95.0,23.226933,120.256242,,986.1,104.5,3.0,97.5,11.0,104.5,135.5,160.0,63.0,88.5,104.5,C0X060,下營,,23.3,,2025-07-07T00:00:00+08:00,2025-07-07T00:00:00+08:00,,,,235.0,28.2
93.0,24.0753,120.430481,4.5,-99.0,,0.0,1.5,1.0,1.5,32.0,34.5,1.5,1.5,1.5,C2G640,鹿港,-99.0,26.2,2025-07-07T00:00:00+08:00,2025-07-07T00:00:00+08:00,,-99,-99,陰,180.0,1.7
,23.925069,120.637797,,,,0.0,2.5,1.5,2.5,59.5,59.5,2.0,2.0,2.5,C1H971,六分寮,,,,2025-07-07T00:00:00+08:00,,,,,,
,23.958697,120.917931,,,,0.0,2.5,0.0,2.5,2.5,15.5,0.0,0.0,2.5,C1I240,外大坪,,,,2025-07-07T00:00:00+08:00,,,,,,
95.0,23.222403,120.806089,,920.0,50.0,6.0,34.0,24.0,50.0,50.0,54.0,26.0,27.0,50.0,C0V210,復興,,21.1,,2025-07-07T00:00:00+08:00,2025-07-07T00:00:00+08:00,,,,158.0,1.1
99.0,23.911469,120.687331,,982.5,1.5,0.0,1.5,0.5,1.5,43.0,43.5,1.5,1.5,1.5,C0I460,南投,,24.8,,2025-07-07T00:00:00+08:00,2025-07-07T00:00:00+08:00,,,,188.0,2.6
,24.071242,120.820419,,,,0.0,1.5,0.5,1.5,4.5,17.0,1.0,1.0,1.5,C1F9J1,清水林,,,,2025-07-07T00:00:00+08:00,,,,,,
,23.183511,120.484083,,,,3.0,72.5,15.5,81.5,123.0,150.0,65.0,69.5,81.5,C1O921,楠西,,,,2025-07-07T00:00:00+08:00,,,,,,
,22.753496,121.158652,,,,0.0,58.0,0.0,216.0,231.0,235.0,7.0,12.0,216.0,01S610,台東(7),,,,2025-07-07T00:00:00+08:00,,,,,,
89.0,24.726316,120.940643,5.0,-99.0,,0.0,0.0,0.0,0.0,0.0,3.0,0.0,0.0,0.0,CAD010,國一S105K,-99.0,24.5,2025-07-07T00:00:00+08:00,2025-07-07T00:00:00+08:00,,-99,7-10,陰,170.0,2.6
,22.654873,120.466375,,,,0.0,109.0,23.0,137.0,137.0,137.0,69.0,96.0,137.0,00Q070,屏東(5),,,,2025-07-07T00:00:00+08:00,,,,,,
,22.770111,120.645222,,,,4.0,60.5,40.0,86.5,87.5,88.5,50.0,51.5,86.5,C1R110,口社,,,,2025-07-07T00:00:00+08:00,,,,,,
100.0,24.864781,121.773961,,936.3,24.5,0.0,24.5,0.0,24.5,24.5,24.5,0.0,10.5,24.5,C0U980,坪林石牌,,22.3,,2025-07-07T00:00:00+08:00,2025-07-07T00:00:00+08:00,,,,162.0,5.0
,23.967378,120.802189,,,,0.5,1.5,0.5,1.5,2.0,17.0,0.5,0.5,1.5,C1H941,雙冬,,,,2025-07-07T00:00:00+08:00,,,,,,
94.0,22.392861,120.55478,,1001.5,85.0,2.0,32.0,15.0,85.0,95.5,95.5,15.5,17.5,85.0,C0R910,下寮,,26.3,,2025-07-07T00:00:00+08:00,2025-07-07T00:00:00+08:00,,,,249.0,9.8
,24.560997,120.836,,,,0.0,0.0,0.0,0.0,24.5,36.5,0.0,0.0,0.0,C1E900,國一N128K,,,,2025-07-07T00:00:00+08:00,,,,,,
96.0,22.894167,120.271178,29.7,-99.0,,0.0,101.5,1.5,121.5,122.0,122.5,38.5,85.0,121.5,CAV270,國一S336K,-99.0,24.2,2025-07-07T00:00:00+08:00,2025-07-07T00:00:00+08:00,,-99,3-6,陰有靄,200.0,16.7
97.0,24.562947,120.7485,,989.6,0.0,0.0,0.0,0.0,0.0,6.5,7.5,0.0,0.0,0.0,C0E810,西湖,,25.3,,2025-07-07T00:00:00+08:00,2025-07-07T00:00:00+08:00,,,,193.0,0.5
,23.602442,121.520492,,,,0.0,25.0,2.0,39.0,39.0,39.0,2.0,3.0,39.0,01T730,豐濱,,,,2025-07-07T00:00:00+08:00,,,,,,
,24.554803,121.034747,,,,0.0,2.0,0.0,2.5,5.0,30.5,0.0,0.0,2.5,C1E480,鳳美,,,,2025-07-07T00:00:00+08:00,,,,,,
96.0,23.538372,120.702961,9.9,-99.0,,2.5,18.5,11.5,22.5,80.5,128.0,14.5,15.5,22.5,C2M950,太和,-99.0,17.8,2025-07-07T00:00:00+08:00,2025-07-07T00:00:00+08:00,,-99,-99,陰有雨,240.0,1.8
94.0,23.344331,121.302853,,979.8,81.0,0.5,38.5,1.0,81.0,90.0,90.0,3.0,9.0,81.0,C0Z170,卓溪,,22.6,,2025-07-07T00:00:00+08:00,2025-07-07T00:00:00+08:00,,,,237.0,1.4
84.0,25.03306,121.6158,6.5,-99.0,,0.0,1.5,0.0,1.5,1.5,1.5,0.0,0.5,1.5,CAA040,國三S016K,-99.0,27.3,2025-07-07T00:00:00+08:00,2025-07-07T00:00:00+08:00,,-99,-99,陰,360.0,1.8
,23.0805,120.692997,,,,2.5,74.5,49.0,93.0,96.5,102.5,69.0,71.5,93.0,F1V850,六龜,,,,2025-07-07T00:00:00+08:00,,,,,,
,23.913225,121.052483,,,,0.0,7.0,0.0,7.5,9.0,17.0,0.5,0.5,7.5,C1I030,武界,,,,2025-07-07T00:00:00+08:00,,,,,,
84.0,25.08694,121.6869,13.1,-99.0,,0.0,3.5,0.0,3.5,3.5,3.5,0.5,3.0,3.5,CAB020,國一S006K,-99.0,28.2,2025-07-07T00:00:00+08:00,2025-07-07T00:00:00+08:00,,-99,-99,陰,120.0,4.4
,25.087591,121.613109,,,,0.0,0.5,0.0,0.5,0.5,0.5,0.0,0.5,0.5,A1AD30,安泰里,,,,2025-07-07T00:00:00+08:00,,,,,,
96.0,22.480277,120.531666,17.8,-99.0,,1.0,56.5,22.5,99.0,106.0,106.0,31.5,35.5,99.0,CAQ010,國三N425K,-99.0,25.0,2025-07-07T00:00:00+08:00,2025-07-07T00:00:00+08:00,,-99,-99,陰有雨,250.0,8.8
,24.939858,121.470989,,,,0.0,0.0,0.0,0.0,0.0,0.0,0.0,0.0,0.0,81AH80,五城加油站,,,,2025-07-07T00:00:00+08:00,,,,,,
,22.368323,120.663618,,,,0.0,48.0,9.0,103.0,138.0,138.0,9.0,19.0,103.0,01R040,士文,,,,2025-07-07T00:00:00+08:00,,,,,,
64.0,24.448431,118.451786,5.4,-99.0,,0.0,0.0,0.0,0.0,0.0,0.0,0.0,0.0,0.0,C2W030,金門(東),-99.0,29.6,2025-07-07T00:00:00+08:00,2025-07-07T00:00:00+08:00,,-99,-99,陰,340.0,2.6
86.0,24.668836,120.885811,5.2,-99.0,,0.0,0.0,0.0,0.0,1.5,9.5,0.0,0.0,0.0,CAE020,國一S114K,-99.0,26.0,2025-07-07T00:00:00+08:00,2025-07-07T00:00:00+08:00,,-99,-99,陰,150.0,2.7
,23.403797,121.459474,,,,0.0,70.0,3.0,107.0,107.0,107.0,5.0,10.0,107.0,01S270,樟原(1),,,,2025-07-07T00:00:00+08:00,,,,,,
94.0,23.047062,121.343223,,998.6,231.0,0.0,99.5,7.5,231.0,231.0,231.0,25.0,33.0,231.0,C0SB50,叭嗡嗡,,22.8,,2025-07-07T00:00:00+08:00,2025-07-07T00:00:00+08:00,,,,350.0,1.3
,24.981089,121.749275,,,,0.0,9.0,0.0,9.0,9.0,9.0,0.0,9.0,9.0,01A200,火燒寮,,,,2025-07-07T00:00:00+08:00,,,,,,
94.0,22.845555,120.295,25.3,-99.0,,1.0,113.5,7.5,134.5,135.0,136.0,50.0,92.0,134.5,CAP010,國一S342K,-99.0,25.3,2025-07-07T00:00:00+08:00,2025-07-07T00:00:00+08:00,,-99,-99,陰有雨,210.0,12.6
63.0,24.967652,121.185165,6.9,-99.0,,0.0,0.0,0.0,0.0,0.0,0.0,0.0,0.0,0.0,C2C410,中央大學,-99.0,28.2,2025-07-07T00:00:00+08:00,2025-07-07T00:00:00+08:00,,-99,-99,陰,90.0,2.7
,23.122139,121.262389,,,,0.0,52.5,1.0,150.5,150.5,150.5,4.0,16.5,150.5,C1S850,豐南,,,,2025-07-07T00:00:00+08:00,,,,,,
,23.469067,120.701672,,,,5.0,21.5,14.0,26.5,28.5,55.0,19.5,19.5,26.5,81M660,阿里山國小,,,,2025-07-07T00:00:00+08:00,,,,,,
84.0,24.89583,121.1342,5.3,-99.0,,0.0,1.5,0.0,1.5,1.5,1.5,0.0,0.5,1.5,CAC010,國一S072K,-99.0,26.0,2025-07-07T00:00:00+08:00,2025-07-07T00:00:00+08:00,,-99,7-10,陰,160.0,1.3
,24.085275,120.484036,,,,0.0,1.0,0.0,1.0,45.0,49.0,1.0,1.0,1.0,01G090,頭汴,,,,2025-07-07T00:00:00+08:00,,,,,,
96.0,23.3215,121.339656,,984.9,84.0,0.0,38.5,0.5,84.0,86.5,86.5,4.0,11.0,84.0,C0Z061,玉里,,22.6,,2025-07-07T00:00:00+08:00,2025-07-07T00:00:00+08:00,,,,0.0,0.1
96.0,24.494171,121.536209,,798.6,15.5,0.0,15.5,0.0,15.5,15.5,16.0,0.0,0.0,15.5,C0UB90,太平山莊,,14.6,,2025-07-07T00:00:00+08:00,2025-07-07T00:00:00+08:00,,,,180.0,9.2
,25.083096,121.52841,,,,0.0,0.0,0.0,0.0,0.0,0.0,0.0,0.0,0.0,A1AG50,劍潭山,,,,2025-07-07T00:00:00+08:00,,,,,,
88.0,24.947603,121.705508,12.1,-99.0,,0.0,7.0,0.0,7.0,7.0,7.0,0.0,4.0,7.0,CAAD90,國五N013K,-99.0,25.8,2025-07-07T00:00:00+08:00,2025-07-07T00:00:00+08:00,,-99,7-10,陰,150.0,3.2
,25.064361,121.383836,,,,0.0,0.0,0.0,0.0,0.0,0.0,0.0,0.0,0.0,C1AI60,國一39K,,,,2025-07-07T00:00:00+08:00,,,,,,
,22.725061,121.03782,,,,0.0,48.0,0.0,183.5,236.0,236.5,10.0,16.0,183.5,81S930,射馬干,,,,2025-07-07T00:00:00+08:00,,,,,,
84.0,24.302863,121.731144,,900.0,29.5,0.0,26.0,0.0,29.5,29.5,29.5,0.0,0.5,29.5,C0TA40,秀林,,21.0,,2025-07-07T00:00:00+08:00,2025-07-07T00:00:00+08:00,,,,155.0,5.1
95.0,24.085272,121.173572,,780.0,12.5,0.0,12.5,1.5,12.5,12.5,12.5,2.0,2.5,12.5,C0I480,梅峰,,14.8,,2025-07-07T00:00:00+08:00,2025-07-07T00:00:00+08:00,,,,168.0,0.4
49.0,24.451272,120.930192,,905.0,0.0,0.0,0.0,0.0,0.0,12.0,31.0,0.0,0.0,0.0,C0E610,馬都安,,26.3,,2025-07-07T00:00:00+08:00,2025-07-07T00:00:00+08:00,,,,0.0,0.2
,25.002193,121.575304,,,,0.0,0.5,0.0,0.5,0.5,0.5,0.0,0.0,0.5,A1AA90,博嘉國小,,,,2025-07-07T00:00:00+08:00,,,,,,
98.0,24.471892,120.704622,,989.4,0.5,0.0,0.5,0.5,0.5,45.5,45.5,0.5,0.5,0.5,C0E590,通霄,,25.8,,2025-07-07T00:00:00+08:00,2025-07-07T00:00:00+08:00,,,,349.0,0.5
97.0,24.8926,121.745736,12.8,-99.0,,0.0,18.0,0.0,18.0,18.0,18.0,0.0,7.0,18.0,C2A540,四堵,-99.0,23.1,2025-07-07T00:00:00+08:00,2025-07-07T00:00:00+08:00,,-99,-99,陰,130.0,2.0
91.0,23.94835,120.479122,,990.4,2.5,0.5,2.5,2.0,2.5,71.0,87.0,2.5,2.5,2.5,C0G660,溪湖,,25.3,,2025-07-07T00:00:00+08:00,2025-07-07T00:00:00+08:00,,,,164.0,0.4
97.0,23.596111,120.523333,9.6,-99.0,,0.5,15.5,8.5,17.0,44.0,113.5,12.5,13.5,17.0,CAL050,國三N279K,-99.0,23.0,2025-07-07T00:00:00+08:00,2025-07-07T00:00:00+08:00,,-99,3-6,陰有雨,80.0,4.5
90.0,22.888614,120.483597,,993.8,109.5,4.0,89.5,15.5,109.5,109.5,136.5,73.0,81.0,109.5,C0V740,旗山,,25.3,,2025-07-07T00:00:00+08:00,2025-07-07T00:00:00+08:00,,,,200.0,2.8
100.0,24.015678,120.6213,,982.6,1.5,0.0,1.5,1.0,1.5,67.5,68.5,1.5,1.5,1.5,C0G620,芬園,,23.4,,2025-07-07T00:00:00+08:00,2025-07-07T00:00:00+08:00,,,,251.0,1.5
83.0,25.263783,121.565258,15.1,-99.0,,0.0,0.5,0.0,0.5,0.5,0.5,0.5,0.5,0.5,C2A920,富貴角,-99.0,25.4,2025-07-07T00:00:00+08:00,2025-07-07T00:00:00+08:00,,-99,-99,陰,120.0,6.5
,23.291597,120.463822,,,,1.5,60.5,12.5,68.0,80.0,201.0,55.0,59.0,68.0,C1X040,東原,,,,2025-07-07T00:00:00+08:00,,,,,,
93.0,24.031261,120.688133,4.8,-99.0,,0.0,1.0,0.5,1.0,54.0,57.5,1.0,1.0,1.0,G2F820,農業試驗所,-99.0,25.1,2025-07-07T00:00:00+08:00,2025-07-07T00:00:00+08:00,,-99,-99,陰,160.0,2.6
,24.825,121.288611,,,,0.0,0.0,0.0,0.0,1.0,1.0,0.0,0.0,0.0,81C700,大艽芎古道,,,,2025-07-07T00:00:00+08:00,,,,,,
92.0,24.147433,121.629703,,992.9,35.0,0.0,30.0,0.0,35.0,35.0,35.0,0.0,0.0,35.0,C0Z190,富世,,24.5,,2025-07-07T00:00:00+08:00,2025-07-07T00:00:00+08:00,,,,335.0,1.3
86.0,24.79778,121.0089,3.1,-99.0,,0.0,0.0,0.0,0.0,0.0,0.0,0.0,0.0,0.0,CAD050,國一N094K,-99.0,25.7,2025-07-07T00:00:00+08:00,2025-07-07T00:00:00+08:00,,-99,-99,陰,40.0,2.2
77.0,25.144756,121.791672,,995.9,10.5,0.0,10.5,0.0,10.5,10.5,10.5,0.0,10.0,10.5,C0B050,八斗子,,28.7,,2025-07-07T00:00:00+08:00,2025-07-07T00:00:00+08:00,,,,113.0,6.2
78.0,24.675432,120.847389,5.0,-99.0,,0.0,0.0,0.0,0.0,1.0,1.0,0.0,0.0,0.0,CAE060,國三N119K,-99.0,26.8,2025-07-07T00:00:00+08:00,2025-07-07T00:00:00+08:00,,-99,>30,陰,180.0,2.1
,24.491756,120.927619,,,,0.0,0.0,0.0,0.0,2.5,48.0,0.0,0.0,0.0,C1E701,八卦,,,,2025-07-07T00:00:00+08:00,,,,,,
90.0,24.082025,121.608944,,996.6,27.0,0.0,27.0,0.0,27.0,27.0,27.0,0.0,0.0,27.0,C0TA20,加灣,,24.3,,2025-07-07T00:00:00+08:00,2025-07-07T00:00:00+08:00,,,,219.0,1.5
,25.061696,121.511708,,,,0.0,0.0,0.0,0.0,0.0,0.0,0.0,0.0,0.0,A1A9X0,太平國小,,,,2025-07-07T00:00:00+08:00,,,,,,
82.0,24.310436,120.729725,,965.9,0.5,0.0,0.5,0.0,0.5,29.5,80.0,0.5,0.5,0.5,C0F9L0,后里,,26.0,,2025-07-07T00:00:00+08:00,2025-07-07T00:00:00+08:00,,,,60.0,1.3
,22.975659,120.467014,,,,0.0,103.0,8.0,120.0,120.0,148.0,85.0,97.0,120.0,01P190,木柵,,,,2025-07-07T00:00:00+08:00,,,,,,
87.0,22.202308,120.705236,,996.0,159.5,0.0,35.5,0.0,159.5,234.0,238.5,0.0,1.5,159.5,C0R741,獅子,,27.8,,2025-07-07T00:00:00+08:00,2025-07-07T00:00:00+08:00,,,,272.0,5.5
97.0,25.07125,121.780794,,910.9,10.0,0.0,10.0,0.5,10.0,10.0,10.5,0.5,6.0,10.0,C0AH30,五分山,,22.5,,2025-07-07T00:00:00+08:00,2025-07-07T00:00:00+08:00,,,,162.0,15.2
,25.029351,121.832514,,,,0.0,18.0,0.0,18.0,18.0,18.0,0.0,14.0,18.0,O1AH20,上林國小,,,,2025-07-07T00:00:00+08:00,,,,,,
,23.561831,120.928349,,,,0.0,8.0,2.0,12.0,13.0,15.0,3.0,3.0,12.0,01H400,東埔,,,,2025-07-07T00:00:00+08:00,,,,,,
95.0,24.938183,121.70975,,964.3,7.0,0.0,7.0,0.0,7.0,7.0,7.0,0.5,4.0,7.0,C0A530,坪林,,25.8,,2025-07-07T00:00:00+08:00,2025-07-07T00:00:00+08:00,,,,97.0,3.6
,23.890575,121.459639,,,,0.5,26.5,0.5,32.5,33.5,35.0,1.0,1.0,32.5,C1Z140,荖溪,,,,2025-07-07T00:00:00+08:00,,,,,,
,23.374926,120.562406,,,,6.0,50.0,34.0,55.0,77.0,110.0,46.5,48.0,55.0,81M820,澐水溫泉,,,,2025-07-07T00:00:00+08:00,,,,,,
70.0,23.928228,121.091411,,829.5,8.5,0.0,8.5,0.0,8.5,8.5,22.0,0.0,0.0,8.5,C0I490,萬大林道,,19.7,,2025-07-07T00:00:00+08:00,2025-07-07T00:00:00+08:00,,,,64.0,0.7
99.0,22.898792,120.51907,14.1,-99.0,,6.0,80.0,23.5,98.5,98.5,131.5,71.0,75.0,98.5,C2V310,美濃,-99.0,24.3,2025-07-07T00:00:00+08:00,2025-07-07T00:00:00+08:00,,-99,-99,陰有雨,220.0,1.8
,25.109012,121.657791,,,,0.0,2.0,0.0,2.0,2.0,2.0,0.0,2.0,2.0,NUP490,復興國小,,,,2025-07-07T00:00:00+08:00,,,,,,
,23.025684,120.337183,,,,0.0,90.0,10.0,103.0,106.0,133.0,48.0,79.0,103.0,01O710,虎頭埤,,,,2025-07-07T00:00:00+08:00,,,,,,
-99.0,25.057378,121.500625,,-99.0,-99.0,,,,,,,,,,C0AI30,三重,,-99.0,,,2025-07-07T00:00:00+08:00,,,,-99.0,-99.0
,22.964938,120.359823,,,,0.0,80.0,6.0,95.0,98.0,104.0,40.0,66.0,95.0,01N860,崎頂,,,,2025-07-07T00:00:00+08:00,,,,,,
,22.653117,120.630973,,,,5.0,58.5,37.0,87.0,92.0,73.5,46.0,49.5,87.0,81R640,佳義國小,,,,2025-07-07T00:00:00+08:00,,,,,,
,24.36042,120.948417,,,,0.0,0.0,0.0,1.0,2.0,29.0,0.0,0.0,1.0,01E060,象鼻(1),,,,2025-07-07T00:00:00+08:00,,,,,,
100.0,23.587642,121.378225,,968.7,47.0,0.0,23.5,1.5,47.0,51.0,51.0,2.0,4.0,47.0,C0Z080,富源,,22.5,,2025-07-07T00:00:00+08:00,2025-07-07T00:00:00+08:00,,,,0.0,0.0
96.0,23.428611,120.452416,27.0,-99.0,,1.0,34.5,9.5,38.5,62.0,73.5,31.5,33.0,38.5,CAL080,國三N303K,-99.0,25.0,2025-07-07T00:00:00+08:00,2025-07-07T00:00:00+08:00,,-99,3-6,陰有雨,140.0,17.6
95.0,22.730432,120.312516,16.3,1000.5,,5.5,141.5,24.0,171.0,171.0,171.0,66.0,108.5,171.0,467441,高雄,0.0,25.2,2025-07-07T00:00:00+08:00,2025-07-07T00:00:00+08:00,,0,1.3,-99,260.0,6.5
,23.979067,120.867742,,,,0.0,1.0,0.0,1.0,1.0,12.5,0.0,0.0,1.0,C1I550,國六W023K,,,,2025-07-07T00:00:00+08:00,,,,,,
59.0,24.129842,120.858925,9.1,-99.0,,0.0,1.0,0.0,1.0,1.0,11.0,0.5,0.5,1.0,C2FB60,頭櫃山,-99.0,24.1,2025-07-07T00:00:00+08:00,2025-07-07T00:00:00+08:00,,-99,-99,陰,50.0,2.7
92.0,23.400069,119.322761,,996.1,44.0,2.0,34.5,10.0,44.0,47.5,47.5,12.5,25.0,44.0,C0W130,花嶼,,25.5,,2025-07-07T00:00:00+08:00,2025-07-07T00:00:00+08:00,,,,341.0,8.3
96.0,23.8263,120.444175,8.5,-99.0,,1.0,7.5,5.0,8.0,66.0,119.0,7.0,7.0,8.0,C2G980,田頭村,-99.0,23.4,2025-07-07T00:00:00+08:00,2025-07-07T00:00:00+08:00,,-99,-99,陰有雨,120.0,3.2
100.0,23.600606,120.458397,,986.4,27.5,1.0,25.5,14.0,27.5,36.5,66.5,22.0,23.5,27.5,C0M670,大林,,24.0,,2025-07-07T00:00:00+08:00,2025-07-07T00:00:00+08:00,,,,87.0,5.3
67.0,24.959207,121.525196,13.5,992.7,,0.0,0.5,0.0,0.5,0.5,0.5,0.0,0.5,0.5,466881,新北,4.8,28.5,2025-07-07T00:00:00+08:00,2025-07-07T00:00:00+08:00,,0,>30,陰,120.0,2.3
75.0,25.018244,121.273697,15.0,-99.0,,0.0,0.0,0.0,0.0,0.0,0.0,0.0,0.0,0.0,CAC020,國二E009K,-99.0,27.8,2025-07-07T00:00:00+08:00,2025-07-07T00:00:00+08:00,,-99,>30,陰,90.0,5.4
84.0,24.8956,120.9649,3.5,-99.0,,0.0,0.0,0.0,0.0,0.0,0.0,0.0,0.0,0.0,CAD100,西濱N066K,-99.0,26.3,2025-07-07T00:00:00+08:00,2025-07-07T00:00:00+08:00,,-99,16-20,陰,60.0,0.9
,22.877254,121.057045,,,,0.0,60.0,1.0,194.0,208.0,209.0,30.0,42.0,194.0,01S570,上里,,,,2025-07-07T00:00:00+08:00,,,,,,
100.0,23.230347,120.182167,,981.4,87.5,8.0,78.5,12.0,87.5,92.5,101.0,41.5,66.5,87.5,C0X220,學甲,,23.2,,2025-07-07T00:00:00+08:00,2025-07-07T00:00:00+08:00,,,,273.0,17.9
100.0,22.917711,121.122994,,960.4,172.5,1.0,40.0,3.5,172.5,176.0,176.0,14.0,20.0,172.5,C0S710,鹿野,,21.3,,2025-07-07T00:00:00+08:00,2025-07-07T00:00:00+08:00,,,,188.0,0.7
92.0,23.8068,120.367939,7.0,-99.0,,1.0,14.0,10.0,14.5,52.0,118.5,12.5,13.0,14.5,V2K610,大庄合作社,-99.0,23.5,2025-07-07T00:00:00+08:00,2025-07-07T00:00:00+08:00,,-99,-99,陰有雨,100.0,3.4
97.0,23.843536,120.293236,11.5,-99.0,,0.5,9.0,5.0,9.0,63.5,108.5,7.5,8.0,9.0,CAG090,西濱N210K,-99.0,23.8,2025-07-07T00:00:00+08:00,2025-07-07T00:00:00+08:00,,-99,7-10,陰有雨,60.0,7.8
,23.530321,120.520569,,,,0.0,16.0,8.0,18.0,28.0,172.0,13.0,14.0,18.0,01L490,沙坑,,,,2025-07-07T00:00:00+08:00,,,,,,
,22.892969,120.540195,,,,0.0,71.0,8.0,79.0,79.0,111.0,51.0,53.0,79.0,01P770,美濃(2),,,,2025-07-07T00:00:00+08:00,,,,,,
91.0,22.905944,120.688056,,953.6,84.0,4.0,61.5,42.0,84.0,84.0,84.5,55.0,56.5,84.0,C0V790,萬山,,21.9,,2025-07-07T00:00:00+08:00,2025-07-07T00:00:00+08:00,,,,232.0,9.7
99.0,23.670306,120.798194,2.8,-99.0,,0.5,6.5,2.0,8.5,8.5,21.5,3.5,3.5,8.5,U2H480,臺大溪頭,-99.0,18.3,2025-07-07T00:00:00+08:00,2025-07-07T00:00:00+08:00,,-99,-99,陰有雨,180.0,1.0
96.0,23.299075,120.664767,,949.3,44.5,3.0,36.5,25.0,44.5,45.5,81.0,32.0,33.5,44.5,C0M800,茶山,,22.9,,2025-07-07T00:00:00+08:00,2025-07-07T00:00:00+08:00,,,,168.0,7.3
,25.052193,121.582507,,,,0.0,0.5,0.0,0.5,0.5,0.5,0.0,0.0,0.5,A1AB40,玉成,,,,2025-07-07T00:00:00+08:00,,,,,,
100.0,23.347467,120.414428,,980.5,59.0,1.5,52.5,9.0,59.0,110.0,163.0,46.5,50.5,59.0,C0X210,白河,,23.3,,2025-07-07T00:00:00+08:00,2025-07-07T00:00:00+08:00,,,,157.0,17.6
96.0,24.347667,120.640403,1.8,-99.0,,0.0,0.5,0.5,0.5,32.5,37.0,0.5,0.5,0.5,C2F930,大甲,-99.0,26.0,2025-07-07T00:00:00+08:00,2025-07-07T00:00:00+08:00,,-99,-99,陰,0.0,0.1
93.0,24.555361,121.802628,,911.3,25.0,0.0,25.0,0.0,25.0,25.0,25.0,0.0,2.5,25.0,C0UA50,西帽山,,20.7,,2025-07-07T00:00:00+08:00,2025-07-07T00:00:00+08:00,,,,158.0,1.8
94.0,24.28025,121.02627,,736.2,7.0,0.0,7.0,1.0,7.0,9.0,9.5,2.5,2.5,7.0,C0FA80,小雪山天池,,12.3,,2025-07-07T00:00:00+08:00,2025-07-07T00:00:00+08:00,,,,133.0,3.2
,25.03399,121.624705,,,,0.0,1.5,0.0,1.5,1.5,1.5,0.0,0.5,1.5,A1AC50,舊莊里,,,,2025-07-07T00:00:00+08:00,,,,,,
99.0,24.131764,121.295717,,696.4,18.5,0.0,18.5,0.5,18.5,19.0,19.0,0.5,1.0,18.5,C0I530,小奇萊,,10.0,,2025-07-07T00:00:00+08:00,2025-07-07T00:00:00+08:00,,,,-99.0,-99.0
,23.962025,120.845272,,,,0.0,2.0,0.0,2.5,2.5,20.0,0.5,0.5,2.5,C1I230,九份二山,,,,2025-07-07T00:00:00+08:00,,,,,,
89.0,21.993578,120.861633,,1001.4,247.5,0.0,25.0,0.0,247.5,302.5,340.0,9.0,9.0,247.5,C0R680,佳樂水,,27.7,,2025-07-07T00:00:00+08:00,2025-07-07T00:00:00+08:00,,,,245.0,6.2
,23.628333,120.870556,,,,0.0,5.0,1.0,6.5,6.5,13.0,1.0,1.5,6.5,81H990,羅娜國小,,,,2025-07-07T00:00:00+08:00,,,,,,
93.0,24.819144,121.782378,5.4,-99.0,,0.0,17.5,0.0,17.5,17.5,17.5,0.0,8.0,17.5,CAUB30,國五S031K,-99.0,26.1,2025-07-07T00:00:00+08:00,2025-07-07T00:00:00+08:00,,-99,>30,陰,20.0,2.6
,23.740881,121.42608,,,,0.0,23.5,0.5,34.5,34.5,34.5,0.5,1.0,34.5,81T9J0,鳳義坑,,,,2025-07-07T00:00:00+08:00,,,,,,
91.0,23.471325,120.485903,10.8,-99.0,,1.5,26.0,11.0,29.0,29.0,94.5,23.0,25.0,29.0,C2M910,嘉義大學,-99.0,24.8,2025-07-07T00:00:00+08:00,2025-07-07T00:00:00+08:00,,-99,-99,陰有雨,100.0,3.5
,23.15025,121.382333,,,,1.5,83.5,10.5,160.0,160.0,163.0,19.0,24.5,160.0,C1S870,南美山,,,,2025-07-07T00:00:00+08:00,,,,,,
92.0,24.145736,120.684075,4.2,985.0,,0.0,0.5,0.5,0.5,50.5,84.0,0.5,0.5,0.5,467490,臺中,0.6,26.5,2025-07-07T00:00:00+08:00,2025-07-07T00:00:00+08:00,,0,11-15,陰,220.0,1.7
,23.965694,121.492842,,,,0.0,25.5,0.0,27.0,27.0,27.0,0.0,0.0,27.0,C1Z130,銅門,,,,2025-07-07T00:00:00+08:00,,,,,,
,23.841008,120.699575,,,,0.0,2.5,1.5,3.0,18.5,25.5,2.0,2.0,3.0,C1H840,國三N238K,,,,2025-07-07T00:00:00+08:00,,,,,,
74.0,25.115597,121.513167,,992.5,0.0,0.0,0.0,0.0,0.0,0.0,0.0,0.0,0.0,0.0,C0AI40,石牌,,29.7,,2025-07-07T00:00:00+08:00,2025-07-07T00:00:00+08:00,,,,132.0,4.4
85.0,25.14583,121.7217,4.3,-99.0,,0.0,4.5,0.0,4.5,4.5,4.5,0.0,4.0,4.5,CAB050,國三N002K,-99.0,27.2,2025-07-07T00:00:00+08:00,2025-07-07T00:00:00+08:00,,-99,-99,陰,50.0,1.5
,22.781967,120.426475,,,,16.5,161.5,27.0,185.5,186.0,198.5,103.5,143.5,185.5,C1V830,國三S383K,,,,2025-07-07T00:00:00+08:00,,,,,,
100.0,23.735269,121.420131,,936.7,36.0,0.5,23.0,1.5,36.0,36.0,36.0,1.5,2.0,36.0,C0T9G0,鳳林山,,20.5,,2025-07-07T00:00:00+08:00,2025-07-07T00:00:00+08:00,,,,201.0,0.9
92.0,22.854997,120.259439,,995.0,93.5,0.0,70.0,2.5,93.5,93.5,94.0,22.5,51.0,93.5,C0V750,路竹,,25.2,,2025-07-07T00:00:00+08:00,2025-07-07T00:00:00+08:00,,,,241.0,10.1
,24.236389,120.88,,,,0.0,0.5,0.0,0.5,1.5,17.0,0.5,0.5,0.5,81F880,中坑國小,,,,2025-07-07T00:00:00+08:00,,,,,,
,25.084692,121.591709,,,,0.0,0.5,0.0,0.5,0.5,0.5,0.0,0.0,0.5,A1AA40,碧湖國小,,,,2025-07-07T00:00:00+08:00,,,,,,
72.0,25.2698,121.488597,,992.1,0.0,0.0,0.0,0.0,0.0,0.0,0.0,0.0,0.0,0.0,C0AJ70,田寮,,28.9,,2025-07-07T00:00:00+08:00,2025-07-07T00:00:00+08:00,,,,1.0,3.9
,24.935556,121.886944,,,,0.0,34.5,0.0,34.5,34.5,34.5,0.0,24.5,34.5,81U900,大溪國小,,,,2025-07-07T00:00:00+08:00,,,,,,
81.0,22.079678,120.714425,12.4,-99.0,,0.5,26.5,0.5,112.5,164.0,187.0,2.0,2.0,112.5,12Q980,恆春工作站,-99.0,28.4,2025-07-07T00:00:00+08:00,2025-07-07T00:00:00+08:00,,-99,-99,陰有雨,220.0,6.2
,24.270832,121.741801,,,,0.0,24.5,0.0,24.5,24.5,24.5,0.0,0.5,24.5,88T830,和中,,,,2025-07-07T00:00:00+08:00,,,,,,
88.0,22.82315,120.236856,,998.4,132.5,1.0,107.0,7.5,132.5,132.5,132.5,42.5,85.0,132.5,C0V620,永安,,24.9,,2025-07-07T00:00:00+08:00,2025-07-07T00:00:00+08:00,,,,217.0,8.3
,25.180294,121.548816,,,,0.0,1.0,0.0,1.0,1.0,1.0,0.0,1.0,1.0,A1AD40,小油坑,,,,2025-07-07T00:00:00+08:00,,,,,,
73.0,25.066881,121.658778,,990.7,1.5,0.0,1.5,0.0,1.5,1.5,1.5,0.0,1.0,1.5,C0AH00,汐止,,29.0,,2025-07-07T00:00:00+08:00,2025-07-07T00:00:00+08:00,,,,71.0,3.2
97.0,23.553261,120.345719,,984.3,45.0,1.5,42.0,12.0,45.0,83.5,101.0,36.5,40.0,45.0,C0M790,新港,,22.8,,2025-07-07T00:00:00+08:00,2025-07-07T00:00:00+08:00,,,,82.0,9.3
92.0,22.682078,121.060236,,998.5,190.5,0.0,60.5,0.0,190.5,234.0,234.5,7.5,10.0,190.5,C0SB10,美和,,23.8,,2025-07-07T00:00:00+08:00,2025-07-07T00:00:00+08:00,,,,5.0,2.9
99.0,24.121322,121.273642,,700.2,17.0,0.0,17.0,0.5,17.0,17.0,17.0,0.5,1.0,17.0,C0H990,昆陽,,10.8,,2025-07-07T00:00:00+08:00,2025-07-07T00:00:00+08:00,,,,182.0,4.1
,23.644646,120.657625,,,,0.0,4.0,1.0,5.0,26.0,98.0,3.0,4.0,5.0,01H110,桶頭(2),,,,2025-07-07T00:00:00+08:00,,,,,,
,24.631502,121.408182,,,,0.0,5.5,0.0,5.5,5.5,5.5,0.0,0.0,5.5,21C090,嘎拉賀,,,,2025-07-07T00:00:00+08:00,,,,,,
,23.240423,120.696717,,,,5.5,32.5,25.5,42.0,46.0,86.0,30.0,31.0,42.0,81V830,那瑪夏國中,,,,2025-07-07T00:00:00+08:00,,,,,,
,24.7975,121.334444,,,,0.0,0.0,0.0,0.0,0.0,0.0,0.0,0.0,0.0,81C780,奎輝國小,,,,2025-07-07T00:00:00+08:00,,,,,,
92.0,24.718133,121.687664,,993.2,10.0,0.0,10.0,0.0,10.0,10.0,10.0,0.0,2.5,10.0,C0U900,內城,,24.4,,2025-07-07T00:00:00+08:00,2025-07-07T00:00:00+08:00,,,,236.0,0.7
87.0,23.41613,120.162872,41.3,-99.0,,0.0,86.5,4.5,91.5,155.0,168.5,64.0,81.5,91.5,CAL100,西濱S267K,-99.0,26.5,2025-07-07T00:00:00+08:00,2025-07-07T00:00:00+08:00,,-99,7-10,陰有靄,110.0,10.7
95.0,22.614594,120.26468,20.3,-99.0,,0.0,78.5,2.0,111.0,111.0,111.0,28.0,52.0,111.0,CAP070,高雄燈塔,-99.0,26.2,2025-07-07T00:00:00+08:00,2025-07-07T00:00:00+08:00,,-99,-99,陰,240.0,10.0
62.0,24.612194,121.157167,4.3,-99.0,,0.0,4.5,0.0,5.0,9.5,13.0,0.0,0.0,5.0,72D080,五峰站,-99.0,23.1,2025-07-07T00:00:00+08:00,2025-07-07T00:00:00+08:00,,-99,-99,陰,90.0,1.1
,23.701086,120.311047,,,,0.0,21.0,13.0,23.0,49.0,67.0,18.0,20.0,23.0,01K060,褒忠(2),,,,2025-07-07T00:00:00+08:00,,,,,,
96.0,24.186117,121.316086,,721.2,19.5,0.0,19.5,0.5,19.5,19.5,19.5,1.0,1.5,19.5,C0T790,大禹嶺,,11.1,,2025-07-07T00:00:00+08:00,2025-07-07T00:00:00+08:00,,,,122.0,2.7
87.0,24.505486,121.525656,,799.4,13.0,0.0,13.0,0.0,13.0,13.0,13.5,0.0,0.0,13.0,C0U710,太平山,,16.4,,2025-07-07T00:00:00+08:00,2025-07-07T00:00:00+08:00,,,,314.0,1.7
100.0,22.168389,120.841225,,942.4,385.0,0.0,62.5,0.0,385.0,513.0,543.5,5.0,7.5,385.0,C0R840,牡丹池山,,23.3,,2025-07-07T00:00:00+08:00,2025-07-07T00:00:00+08:00,,,,243.0,8.2
,22.434551,120.638399,,,,0.0,52.0,26.0,99.0,129.0,129.0,27.0,32.0,99.0,01Q360,南和,,,,2025-07-07T00:00:00+08:00,,,,,,
,24.5378,121.8485,,,,0.0,24.5,0.0,24.5,25.0,25.5,0.0,4.0,24.5,C1U840,東澳嶺,,,,2025-07-07T00:00:00+08:00,,,,,,
91.0,24.276061,120.777644,,958.0,0.5,0.0,0.5,0.0,0.5,4.5,70.0,0.5,0.5,0.5,C0F0B0,石岡,,24.3,,2025-07-07T00:00:00+08:00,2025-07-07T00:00:00+08:00,,,,98.0,1.4
99.0,22.507747,120.394511,,1000.1,150.5,1.0,112.5,15.0,150.5,153.0,153.0,52.0,84.5,150.5,C0V720,林園,,26.0,,2025-07-07T00:00:00+08:00,2025-07-07T00:00:00+08:00,,,,241.0,6.8
,23.202324,121.25167,,,,0.0,39.0,2.0,103.0,105.0,105.0,4.0,14.0,103.0,01T720,明里,,,,2025-07-07T00:00:00+08:00,,,,,,
99.0,22.305064,120.642986,,999.8,104.5,2.5,38.0,8.5,104.5,142.0,142.0,9.0,12.5,104.5,C0R810,內獅,,26.4,,2025-07-07T00:00:00+08:00,2025-07-07T00:00:00+08:00,,,,239.0,5.6
,23.394239,121.356808,,,,0.0,48.0,0.5,84.5,84.5,84.5,2.5,8.5,84.5,C1T990,高寮,,,,2025-07-07T00:00:00+08:00,,,,,,
73.0,24.564569,120.824575,,987.9,0.0,0.0,0.0,0.0,0.0,19.5,24.5,0.0,0.0,0.0,C0E750,苗栗,,27.4,,2025-07-07T00:00:00+08:00,2025-07-07T00:00:00+08:00,,,,0.0,0.0
,22.598647,120.960944,,,,0.5,84.0,1.0,222.0,293.0,293.0,20.5,37.5,222.0,81S920,金峰鄉公所,,,,2025-07-07T00:00:00+08:00,,,,,,
90.0,22.1043,120.897883,,998.6,353.5,0.0,63.5,0.0,353.5,426.0,432.5,3.5,4.0,353.5,C0R860,鼻頭,,26.9,,2025-07-07T00:00:00+08:00,2025-07-07T00:00:00+08:00,,,,187.0,2.8
90.0,24.247522,121.243669,3.7,-99.0,,0.5,14.0,0.5,14.0,14.0,14.0,0.5,1.0,14.0,C2F860,梨山,-99.0,14.6,2025-07-07T00:00:00+08:00,2025-07-07T00:00:00+08:00,,-99,-99,陰有雨,60.0,1.3
-99.0,23.173039,120.145086,,990.7,150.0,0.0,135.0,76.0,150.0,150.0,157.5,102.5,122.5,150.0,C0X080,佳里,,-99.0,,2025-07-07T00:00:00+08:00,2025-07-07T00:00:00+08:00,,,,268.0,20.6
83.0,24.989964,121.656972,12.9,-99.0,,0.0,3.0,0.0,3.0,3.0,3.0,0.0,2.0,3.0,CAAD70,國五S006K,-99.0,27.1,2025-07-07T00:00:00+08:00,2025-07-07T00:00:00+08:00,,-99,7-10,陰,80.0,5.2
,23.667997,120.876961,,,,0.5,4.5,1.0,6.5,6.5,24.0,1.5,1.5,6.5,81I560,豐丘,,,,2025-07-07T00:00:00+08:00,,,,,,
,22.849954,121.092326,,,,2.5,42.5,3.5,184.5,196.0,196.0,16.5,25.0,184.5,81S890,初鹿國中,,,,2025-07-07T00:00:00+08:00,,,,,,
97.0,24.650688,121.475277,,873.3,8.5,0.0,8.5,0.0,8.5,8.5,8.5,0.0,0.0,8.5,C0UB60,明池,,17.4,,2025-07-07T00:00:00+08:00,2025-07-07T00:00:00+08:00,,,,0.0,0.2
86.0,23.995322,121.638331,,998.4,25.5,0.0,25.0,0.0,25.5,25.5,25.5,0.0,0.5,25.5,C0TA10,花蓮漁港,,24.9,,2025-07-07T00:00:00+08:00,2025-07-07T00:00:00+08:00,,,,237.0,6.3
,23.979817,121.132261,,,,0.0,10.0,0.0,10.0,10.0,10.0,0.0,0.0,10.0,C1I020,萬大,,,,2025-07-07T00:00:00+08:00,,,,,,
,23.591131,120.888861,,,,0.0,8.0,1.5,11.5,11.5,14.5,3.0,3.0,11.5,C1I070,和社,,,,2025-07-07T00:00:00+08:00,,,,,,
82.0,24.767147,121.057881,,979.0,0.5,0.0,0.5,0.0,0.5,0.5,0.5,0.0,0.0,0.5,C0D560,竹東,,25.5,,2025-07-07T00:00:00+08:00,2025-07-07T00:00:00+08:00,,,,29.0,1.7
94.0,23.336427,120.138033,,963.5,57.5,0.0,52.0,1.0,57.5,104.5,135.5,29.0,44.0,57.5,C0M880,好美里,,25.6,,2025-07-07T00:00:00+08:00,2025-07-07T00:00:00+08:00,,,,296.0,20.9
,23.754486,120.883956,,,,0.0,3.5,0.5,5.5,5.5,13.5,0.5,1.0,5.5,C1I310,西巒,,,,2025-07-07T00:00:00+08:00,,,,,,
,24.298227,120.905896,,,,0.0,0.5,0.5,0.5,14.0,46.0,0.5,0.5,0.5,81E870,白布帆,,,,2025-07-07T00:00:00+08:00,,,,,,
95.0,22.752211,121.154586,4.0,1000.0,,0.0,52.0,0.0,195.0,212.0,215.0,6.0,9.0,195.0,467660,臺東,0.0,24.3,2025-07-07T00:00:00+08:00,2025-07-07T00:00:00+08:00,,0,>30,陰,350.0,1.3
,22.748999,120.728297,,,,0.0,60.0,46.0,98.0,98.0,98.0,53.0,54.0,98.0,O1S690,神山,,,,2025-07-07T00:00:00+08:00,,,,,,
87.0,24.439714,120.653053,,989.9,0.5,0.0,0.5,0.5,0.5,35.5,35.5,0.5,0.5,0.5,C0E830,苑裡,,26.8,,2025-07-07T00:00:00+08:00,2025-07-07T00:00:00+08:00,,,,31.0,1.4
,24.677573,121.208601,,,,0.0,2.0,0.0,2.0,2.0,3.0,0.0,0.0,2.0,01D180,梅花,,,,2025-07-07T00:00:00+08:00,,,,,,
94.0,24.29515,121.03651,,708.9,7.0,0.0,7.0,1.5,7.0,7.0,11.5,3.0,3.0,7.0,C0FA90,小雪山林道,,9.9,,2025-07-07T00:00:00+08:00,2025-07-07T00:00:00+08:00,,,,141.0,4.7
96.0,23.82137,120.72293,4.4,-99.0,,0.0,2.5,1.5,3.0,25.5,113.5,2.0,2.0,3.0,CAHA00,消防署訓練中心,-99.0,23.3,2025-07-07T00:00:00+08:00,2025-07-07T00:00:00+08:00,,-99,-99,陰,140.0,0.4
,24.641389,121.278611,,,,0.0,12.5,0.0,12.5,12.5,12.5,0.0,0.0,12.5,81D670,田埔分校,,,,2025-07-07T00:00:00+08:00,,,,,,
60.0,25.028458,121.386561,,968.5,0.0,0.0,0.0,0.0,0.0,0.0,0.0,0.0,0.0,0.0,C0C680,龜山,,26.7,,2025-07-07T00:00:00+08:00,2025-07-07T00:00:00+08:00,,,,100.0,4.0
99.0,24.823239,121.730383,,958.1,18.5,0.0,18.5,0.0,18.5,18.5,18.5,0.0,7.5,18.5,C0UB00,淡大蘭陽校園,,23.2,,2025-07-07T00:00:00+08:00,2025-07-07T00:00:00+08:00,,,,94.0,1.4
89.0,22.887139,120.2445,,995.1,142.0,1.0,120.0,10.5,142.0,142.5,143.0,51.0,98.5,142.0,C0V640,湖內,,24.5,,2025-07-07T00:00:00+08:00,2025-07-07T00:00:00+08:00,,,,220.0,12.8
100.0,23.492842,121.306883,,880.9,66.5,0.0,39.0,2.0,66.5,67.0,67.0,3.0,8.0,66.5,C0Z250,瑞穗林道,,17.8,,2025-07-07T00:00:00+08:00,2025-07-07T00:00:00+08:00,,,,302.0,0.5
100.0,22.972672,121.303986,,996.0,242.0,0.5,96.0,6.5,242.0,250.5,251.0,30.0,40.0,242.0,C0S810,東河,,22.8,,2025-07-07T00:00:00+08:00,2025-07-07T00:00:00+08:00,,,,341.0,0.6
,24.102039,120.879897,,,,0.0,2.0,0.5,2.0,2.0,13.5,1.0,1.0,2.0,C1H920,長豐,,,,2025-07-07T00:00:00+08:00,,,,,,
69.0,25.02955,121.53628,4.8,-99.0,,0.0,0.0,0.0,0.0,0.0,0.0,0.0,0.0,0.0,CAAH60,大安森林,-99.0,28.1,2025-07-07T00:00:00+08:00,2025-07-07T00:00:00+08:00,,-99,-99,陰,70.0,0.6
88.0,24.539133,120.920042,,970.7,0.0,0.0,0.0,0.0,0.0,7.0,31.0,0.0,0.0,0.0,C0E820,獅潭,,24.0,,2025-07-07T00:00:00+08:00,2025-07-07T00:00:00+08:00,,,,0.0,0.0
,25.134398,121.476914,,,,0.0,0.0,0.0,0.0,1.0,1.0,0.0,0.0,0.0,A1A9U0,桃源國中,,,,2025-07-07T00:00:00+08:00,,,,,,
92.0,23.596314,119.67275,,993.8,41.0,0.5,38.5,3.0,41.0,73.5,73.5,14.0,18.0,41.0,C0W200,湖西,,26.4,,2025-07-07T00:00:00+08:00,2025-07-07T00:00:00+08:00,,,,336.0,9.7
78.0,24.596944,121.857089,,995.3,22.0,0.0,22.0,0.0,22.0,22.0,22.0,0.0,6.5,22.0,C0UB10,蘇澳,,27.0,,2025-07-07T00:00:00+08:00,2025-07-07T00:00:00+08:00,,,,158.0,3.3
86.0,22.190131,120.692156,,1001.6,138.5,0.0,35.5,0.0,138.5,189.5,192.0,0.0,1.0,138.5,C0R670,楓港,,27.7,,2025-07-07T00:00:00+08:00,2025-07-07T00:00:00+08:00,,,,211.0,6.6
,25.129193,121.576412,,,,0.0,0.5,0.0,0.5,0.5,0.5,0.0,0.5,0.5,A1AA20,平等國小,,,,2025-07-07T00:00:00+08:00,,,,,,
84.0,24.885,121.0889,3.6,-99.0,,0.0,0.0,0.0,0.0,0.0,0.0,0.0,0.0,0.0,CAD020,國一N077K,-99.0,24.8,2025-07-07T00:00:00+08:00,2025-07-07T00:00:00+08:00,,-99,-99,陰,140.0,1.3
82.0,22.13845,120.70215,,1001.7,147.5,0.0,33.0,0.0,147.5,220.5,225.5,1.0,1.5,147.5,C0R900,竹坑,,28.7,,2025-07-07T00:00:00+08:00,2025-07-07T00:00:00+08:00,,,,0.0,0.0
100.0,22.453108,120.887572,,985.8,326.5,3.5,116.0,6.5,326.5,411.5,416.5,15.5,47.5,326.5,C0SA80,土阪,,23.8,,2025-07-07T00:00:00+08:00,2025-07-07T00:00:00+08:00,,,,293.0,0.4
,22.898621,121.086481,,,,0.0,47.0,2.0,177.0,188.0,188.0,21.0,27.0,177.0,O1S120,鹿鳴橋,,,,2025-07-07T00:00:00+08:00,,,,,,
94.0,23.30609,120.290033,40.2,-99.0,,1.5,81.5,18.0,88.0,144.0,180.0,59.5,77.0,88.0,CAN010,國一N288K,-99.0,24.3,2025-07-07T00:00:00+08:00,2025-07-07T00:00:00+08:00,,-99,1.3,陰有雨,230.0,26.5
99.0,23.27125,121.188272,,931.4,85.5,1.5,40.0,7.5,85.5,90.5,90.5,13.0,21.0,85.5,C0Z320,清水林道,,20.0,,2025-07-07T00:00:00+08:00,2025-07-07T00:00:00+08:00,,,,0.0,0.2
,23.265549,120.824866,,,,0.0,17.0,7.0,31.0,32.0,33.0,9.0,9.0,31.0,01V060,梅山(2),,,,2025-07-07T00:00:00+08:00,,,,,,
,24.383194,121.778556,,,,0.0,28.5,0.0,28.5,28.5,28.5,0.0,0.5,28.5,C1U850,觀音海岸,,,,2025-07-07T00:00:00+08:00,,,,,,
,24.192044,121.388386,,,,0.0,20.0,0.0,20.0,20.0,20.0,0.0,0.0,20.0,C1T810,慈恩,,,,2025-07-07T00:00:00+08:00,,,,,,
-99.0,24.388594,121.236339,,-99.0,-99.0,,,,,,,,,,C0F0A0,雪山圈谷A,,-99.0,,,2025-07-07T00:00:00+08:00,,,,-99.0,-99.0
67.0,24.991622,121.491792,,990.3,0.0,0.0,0.0,0.0,0.0,0.0,0.0,0.0,0.0,0.0,C0AG80,中和,,28.7,,2025-07-07T00:00:00+08:00,2025-07-07T00:00:00+08:00,,,,110.0,1.5
94.0,25.002719,121.742892,9.5,-99.0,,0.0,9.5,0.0,9.5,9.5,9.5,0.0,6.0,9.5,C2A650,火燒寮,-99.0,24.3,2025-07-07T00:00:00+08:00,2025-07-07T00:00:00+08:00,,-99,-99,陰,10.0,2.2
86.0,25.09694,121.6678,11.1,-99.0,,0.0,2.0,0.0,2.0,2.0,2.0,0.0,2.0,2.0,CAB040,國三S007K,-99.0,27.6,2025-07-07T00:00:00+08:00,2025-07-07T00:00:00+08:00,,-99,7-10,陰,60.0,4.3
92.0,23.589978,120.180394,31.5,-99.0,,4.0,48.5,17.0,50.0,86.5,88.0,42.5,46.0,50.0,12J990,口湖工作站,-99.0,22.4,2025-07-07T00:00:00+08:00,2025-07-07T00:00:00+08:00,,-99,-99,陰有雨,40.0,23.2
68.0,25.014278,121.539416,7.7,-99.0,,0.0,0.0,0.0,0.0,0.0,0.0,0.0,0.0,0.0,A0A010,臺灣大學,-99.0,28.5,2025-07-07T00:00:00+08:00,2025-07-07T00:00:00+08:00,,-99,-99,陰,90.0,1.6
80.0,24.405478,120.749819,4.2,-99.0,,0.5,0.5,0.5,0.5,39.0,47.5,0.5,0.5,0.5,C2E880,三義,-99.0,24.7,2025-07-07T00:00:00+08:00,2025-07-07T00:00:00+08:00,,-99,-99,陰有雨,270.0,1.8
,24.204558,121.453956,,,,0.0,20.0,0.0,20.0,20.0,20.0,0.0,0.0,20.0,C1T800,洛韶,,,,2025-07-07T00:00:00+08:00,,,,,,
,23.985549,120.892835,,,,0.0,1.0,0.0,1.0,2.0,10.0,0.0,0.0,1.0,01H680,北山(2),,,,2025-07-07T00:00:00+08:00,,,,,,
91.0,25.627975,122.079744,26.4,987.5,,0.0,9.0,1.0,9.0,9.0,9.0,8.0,9.0,9.0,466950,彭佳嶼,6.1,27.2,2025-07-07T00:00:00+08:00,2025-07-07T00:00:00+08:00,,0,11-15,陰,120.0,12.8
,24.940081,121.087161,,,,0.0,0.0,0.0,0.0,0.0,0.0,0.0,0.0,0.0,C1C510,水尾,,,,2025-07-07T00:00:00+08:00,,,,,,
,24.329422,121.739594,,,,0.0,23.0,0.0,23.0,23.0,23.0,0.0,1.0,23.0,01U230,大濁水,,,,2025-07-07T00:00:00+08:00,,,,,,
,23.594153,120.944286,,,,0.0,8.5,1.0,16.5,16.5,16.5,2.0,2.5,16.5,C1I450,望鄉山,,,,2025-07-07T00:00:00+08:00,,,,,,
,24.421669,120.923831,,,,0.0,0.0,0.0,0.0,3.5,58.5,0.0,0.0,0.0,C1E681,南勢山,,,,2025-07-07T00:00:00+08:00,,,,,,
99.0,22.974361,121.156697,,979.4,158.5,0.0,40.5,1.5,158.5,170.0,170.0,9.5,16.5,158.5,C0SA40,瑞和,,22.4,,2025-07-07T00:00:00+08:00,2025-07-07T00:00:00+08:00,,,,334.0,0.5
100.0,25.175675,121.522408,,879.6,1.0,0.0,1.0,0.0,1.0,1.0,1.0,0.5,1.0,1.0,C0AC40,大屯山,,21.3,,2025-07-07T00:00:00+08:00,2025-07-07T00:00:00+08:00,,,,119.0,7.3
,22.969742,121.11534,,,,0.0,38.0,4.0,153.0,161.0,161.0,13.0,22.0,153.0,01S130,武陵,,,,2025-07-07T00:00:00+08:00,,,,,,
90.0,24.836391,121.199371,4.4,-99.0,,0.0,0.0,0.0,0.0,0.0,0.0,0.0,0.0,0.0,CAC770,國三N072K,-99.0,23.5,2025-07-07T00:00:00+08:00,2025-07-07T00:00:00+08:00,,-99,7-10,陰,180.0,1.2
100.0,22.538122,120.966875,,975.5,237.0,1.0,89.5,1.5,237.0,292.5,294.5,8.0,21.5,237.0,C0S790,金崙,,23.2,,2025-07-07T00:00:00+08:00,2025-07-07T00:00:00+08:00,,,,138.0,0.6
,23.25163,120.57636,,,,3.0,70.0,34.0,79.0,126.0,247.0,64.5,68.0,79.0,C1M400,菜瓜坪,,,,2025-07-07T00:00:00+08:00,,,,,,
100.0,23.290728,121.348528,,948.6,101.5,0.0,46.5,2.0,101.5,101.5,101.5,7.0,14.5,101.5,C0Z330,安通山,,20.1,,2025-07-07T00:00:00+08:00,2025-07-07T00:00:00+08:00,,,,0.0,0.2
,24.631479,121.117585,,,,0.0,0.0,0.0,0.0,0.5,4.5,0.0,0.0,0.0,81D600,五峰國小,,,,2025-07-07T00:00:00+08:00,,,,,,
99.0,23.8004,120.467383,,989.4,9.5,1.5,9.0,6.0,9.5,62.0,153.5,8.5,8.5,9.5,C0K420,西螺,,23.3,,2025-07-07T00:00:00+08:00,2025-07-07T00:00:00+08:00,,,,161.0,2.8
,22.525964,120.676125,,,,6.5,83.5,53.0,130.5,135.0,135.5,60.5,68.5,130.5,88R460,來義,,,,2025-07-07T00:00:00+08:00,,,,,,
,23.493119,121.338806,,,,0.0,38.0,2.5,67.0,67.0,67.0,4.0,7.0,67.0,C1Z030,紅葉,,,,2025-07-07T00:00:00+08:00,,,,,,
,23.972934,121.605986,,,,0.0,23.0,0.0,25.0,25.0,25.0,0.0,0.0,25.0,O1T840,花蓮,,,,2025-07-07T00:00:00+08:00,,,,,,
96.0,25.132153,121.608692,,921.0,1.5,0.0,1.5,0.0,1.5,1.5,1.5,0.0,1.0,1.5,C0A870,五指山,,22.4,,2025-07-07T00:00:00+08:00,2025-07-07T00:00:00+08:00,,,,108.0,9.7
93.0,24.542003,121.513453,,902.8,13.5,0.0,13.5,0.0,13.5,13.5,13.5,0.0,0.0,13.5,C0UB70,太平山中間站,,19.2,,2025-07-07T00:00:00+08:00,2025-07-07T00:00:00+08:00,,,,262.0,1.1
90.0,24.179494,120.641275,,981.8,0.5,0.0,0.5,0.0,0.5,71.0,120.5,0.5,0.5,0.5,C0F9T0,西屯,,26.7,,2025-07-07T00:00:00+08:00,2025-07-07T00:00:00+08:00,,,,280.0,1.1
97.0,23.120802,120.079676,51.5,-99.0,,4.0,85.0,27.5,98.5,113.5,115.0,47.5,74.5,98.5,CAN130,水試所海水繁養殖中心,-99.0,23.8,2025-07-07T00:00:00+08:00,2025-07-07T00:00:00+08:00,,-99,-99,陰有雨,270.0,29.8
76.0,24.322458,120.936819,7.8,-99.0,,0.5,1.0,0.5,1.0,15.0,88.0,0.5,0.5,1.0,C2F990,摩天嶺,-99.0,21.8,2025-07-07T00:00:00+08:00,2025-07-07T00:00:00+08:00,,-99,-99,陰有雨,60.0,3.1
,25.113593,121.569411,,,,0.0,0.5,0.0,0.5,0.5,0.5,0.0,0.5,0.5,A1AB80,雙溪,,,,2025-07-07T00:00:00+08:00,,,,,,
86.0,21.921689,120.735817,,999.8,174.0,0.0,23.0,0.0,174.0,239.5,273.0,6.0,6.0,174.0,C0R350,貓鼻頭,,27.8,,2025-07-07T00:00:00+08:00,2025-07-07T00:00:00+08:00,,,,220.0,5.3
,22.763272,120.704442,,,,6.0,78.0,64.0,119.0,119.0,119.0,72.0,72.5,119.0,C1R120,上德文,,,,2025-07-07T00:00:00+08:00,,,,,,
-99.0,22.9677,120.685703,-99.0,-99.0,,,,,,,,,,-99.0,E2P990,扇平林試,-99.0,-99.0,2025-07-07T00:00:00+08:00,,,-99,-99,陰,-99.0,-99.0
,24.548212,121.224879,,,,0.0,17.5,0.0,17.5,17.5,17.5,0.0,0.0,17.5,21D160,白石,,,,2025-07-07T00:00:00+08:00,,,,,,
90.0,24.254668,121.007374,,768.6,5.0,0.0,5.0,1.0,5.0,5.0,5.5,2.5,2.5,5.0,C0FB00,大雪山,,15.7,,2025-07-07T00:00:00+08:00,2025-07-07T00:00:00+08:00,,,,258.0,3.7
87.0,24.000394,120.431683,,992.5,2.0,0.5,2.0,1.5,2.0,65.5,111.0,2.0,2.0,2.0,C0G800,埔鹽,,26.0,,2025-07-07T00:00:00+08:00,2025-07-07T00:00:00+08:00,,,,204.0,1.2
,23.148617,120.418633,,,,4.0,82.5,15.0,92.0,92.5,125.0,66.0,79.0,92.0,C1O850,環湖,,,,2025-07-07T00:00:00+08:00,,,,,,
100.0,22.765833,120.328888,21.6,-99.0,,4.5,158.0,27.0,185.0,185.0,186.0,76.0,127.5,185.0,CAP030,國一N351K,-99.0,24.5,2025-07-07T00:00:00+08:00,2025-07-07T00:00:00+08:00,,-99,-99,陰有雨,260.0,11.6
95.0,23.709219,121.420106,,985.2,33.0,0.5,21.0,1.0,33.0,33.0,33.0,1.5,2.0,33.0,C0Z200,萬榮,,23.2,,2025-07-07T00:00:00+08:00,2025-07-07T00:00:00+08:00,,,,185.0,0.4
88.0,22.0744,120.716247,,1002.0,146.5,0.0,28.5,0.0,146.5,203.5,227.0,2.0,2.5,146.5,C0R320,車城,,27.6,,2025-07-07T00:00:00+08:00,2025-07-07T00:00:00+08:00,,,,202.0,3.1
93.0,23.737734,120.256132,17.7,-99.0,,1.0,19.0,13.0,19.5,29.0,53.5,16.5,17.5,19.5,CAJ030,西濱N222K,-99.0,23.5,2025-07-07T00:00:00+08:00,2025-07-07T00:00:00+08:00,,-99,3-6,陰有雨,70.0,10.7
,22.997838,120.633563,,,,0.0,66.0,35.0,84.0,88.0,94.0,60.0,64.0,84.0,01V040,六龜(4),,,,2025-07-07T00:00:00+08:00,,,,,,
59.0,23.887894,121.000086,5.2,-99.0,,0.0,5.5,0.0,6.5,6.5,28.5,0.5,0.5,6.5,C2H9R0,卓社,-99.0,24.0,2025-07-07T00:00:00+08:00,2025-07-07T00:00:00+08:00,,-99,-99,陰,40.0,2.0
84.0,24.678347,121.208558,,936.7,2.0,0.0,2.0,0.0,2.0,3.0,4.5,0.0,0.0,2.0,C0D360,梅花,,23.0,,2025-07-07T00:00:00+08:00,2025-07-07T00:00:00+08:00,,,,257.0,0.5
,23.286017,120.390378,,,,4.0,85.5,19.0,93.0,99.5,145.5,74.5,82.0,93.0,C1O940,東山服務區,,,,2025-07-07T00:00:00+08:00,,,,,,
-99.0,24.003028,120.534389,4.1,-99.0,,0.5,2.0,1.0,2.0,109.0,114.0,2.0,2.0,2.0,72G600,臺中農改,-99.0,24.1,2025-07-07T00:00:00+08:00,2025-07-07T00:00:00+08:00,,-99,-99,陰有雨,170.0,0.7
92.0,22.959547,120.369317,,983.7,91.5,1.0,75.0,8.0,91.5,91.5,98.5,42.0,64.0,91.5,C0O960,崎頂,,23.7,,2025-07-07T00:00:00+08:00,2025-07-07T00:00:00+08:00,,,,215.0,5.1
92.0,24.040486,121.604878,,997.4,25.0,0.0,25.0,0.0,25.0,25.0,25.0,0.0,0.0,25.0,C0Z180,新城,,24.2,,2025-07-07T00:00:00+08:00,2025-07-07T00:00:00+08:00,,,,227.0,1.6
,23.483056,121.511389,,,,0.0,70.0,3.0,95.0,95.0,95.0,3.0,5.5,95.0,81T880,石梯坪,,,,2025-07-07T00:00:00+08:00,,,,,,
86.0,25.11444,121.6886,4.5,-99.0,,0.0,4.0,0.0,4.0,4.0,4.0,0.0,3.5,4.0,CAB030,國三S004K,-99.0,26.3,2025-07-07T00:00:00+08:00,2025-07-07T00:00:00+08:00,,-99,-99,陰,360.0,1.0
,23.07211,120.536955,,,,2.5,89.0,36.0,102.5,103.0,144.5,80.0,84.5,102.5,88O950,羌黃坑,,,,2025-07-07T00:00:00+08:00,,,,,,
,22.813153,120.367789,,,,2.5,101.5,13.0,125.0,125.5,130.0,52.0,84.0,125.0,C1V390,尖山,,,,2025-07-07T00:00:00+08:00,,,,,,
98.0,22.121825,120.836781,,959.3,375.0,0.0,46.0,0.0,375.0,509.0,531.0,2.0,4.5,375.0,C0R830,高士,,23.9,,2025-07-07T00:00:00+08:00,2025-07-07T00:00:00+08:00,,,,162.0,4.0
92.0,23.895703,120.94135,,922.8,3.5,0.5,3.0,0.5,3.5,3.5,11.0,0.5,0.5,3.5,C0I370,魚池,,22.1,,2025-07-07T00:00:00+08:00,2025-07-07T00:00:00+08:00,,,,182.0,0.8
,23.814841,121.403464,,,,0.0,23.0,0.0,29.0,29.0,29.0,0.0,0.0,29.0,01T670,新東礦,,,,2025-07-07T00:00:00+08:00,,,,,,
94.0,23.987857,120.369607,6.9,-99.0,,0.5,2.5,1.5,2.5,45.5,105.5,2.0,2.0,2.5,CAG080,西濱S189K,-99.0,25.6,2025-07-07T00:00:00+08:00,2025-07-07T00:00:00+08:00,,-99,7-10,陰有雨,120.0,1.3
84.0,24.254322,120.720692,,966.4,0.5,0.0,0.5,0.5,0.5,55.0,95.5,0.5,0.5,0.5,C0F9M0,豐原,,27.3,,2025-07-07T00:00:00+08:00,2025-07-07T00:00:00+08:00,,,,35.0,1.3
77.0,24.904794,121.043628,,984.1,0.0,0.0,0.0,0.0,0.0,0.5,0.5,0.0,0.0,0.0,C0D650,湖口,,26.2,,2025-07-07T00:00:00+08:00,2025-07-07T00:00:00+08:00,,,,171.0,2.4
,22.67206,121.037516,,,,0.0,62.0,0.0,183.5,222.0,222.0,13.5,17.0,183.5,81S560,三和國小,,,,2025-07-07T00:00:00+08:00,,,,,,
,22.560122,120.488328,,,,0.0,81.0,13.0,112.0,112.0,112.0,57.0,63.0,112.0,O1R620,新庄國小,,,,2025-07-07T00:00:00+08:00,,,,,,
94.0,22.993161,120.152181,,995.8,145.5,1.5,125.0,27.0,145.5,145.5,145.5,60.5,105.5,145.5,C0X190,安平,,24.8,,2025-07-07T00:00:00+08:00,2025-07-07T00:00:00+08:00,,,,249.0,11.0
83.0,25.11583,121.7286,8.8,-99.0,,0.0,4.5,0.0,4.5,4.5,4.5,0.0,4.0,4.5,CAB010,國一S001K,-99.0,27.8,2025-07-07T00:00:00+08:00,2025-07-07T00:00:00+08:00,,-99,>30,陰,360.0,2.2
,23.533049,120.602587,,,,0.0,17.0,10.0,20.0,67.0,177.0,15.0,16.0,20.0,01L480,樟腦寮(2),,,,2025-07-07T00:00:00+08:00,,,,,,
99.0,23.0605,120.342194,28.7,-99.0,,2.0,82.0,15.5,95.0,95.0,130.0,49.5,72.5,95.0,72N100,臺南農改,-99.0,24.0,2025-07-07T00:00:00+08:00,2025-07-07T00:00:00+08:00,,-99,-99,陰有雨,210.0,10.0
78.0,25.13605,121.53987,15.0,-99.0,,0.0,0.4,0.0,0.4,0.4,0.4,0.0,0.4,0.4,A0A460,文化大學,-99.0,25.4,2025-07-07T00:00:00+08:00,2025-07-07T00:00:00+08:00,,-99,-99,陰,100.0,8.4
99.0,23.514319,120.229736,,976.0,73.5,0.5,70.5,14.5,73.5,139.5,143.5,62.5,67.0,73.5,C0K550,蔦松,,23.0,,2025-07-07T00:00:00+08:00,2025-07-07T00:00:00+08:00,,,,60.0,11.8
,23.710574,120.917657,,,,0.0,6.0,1.0,9.0,10.0,27.0,2.0,2.0,9.0,01H470,西巒,,,,2025-07-07T00:00:00+08:00,,,,,,
,24.47039,121.777318,,,,0.0,26.0,0.0,26.0,26.0,26.0,0.0,0.5,26.0,81U860,金岳國小,,,,2025-07-07T00:00:00+08:00,,,,,,
,24.40135,120.837533,,,,0.0,0.0,0.0,0.0,22.0,35.0,0.0,0.0,0.0,C1E691,南湖,,,,2025-07-07T00:00:00+08:00,,,,,,
,23.961922,120.991131,,,,0.0,2.5,0.0,3.0,3.0,18.0,0.0,0.0,3.0,C1I250,鯉潭,,,,2025-07-07T00:00:00+08:00,,,,,,
,22.667011,120.590911,,,,3.5,71.0,31.5,101.0,102.5,102.5,61.0,62.5,101.0,C1R630,龍泉,,,,2025-07-07T00:00:00+08:00,,,,,,
97.0,22.514781,120.506914,,998.2,-99.0,,,,,,,,,,C0R520,崁頂,,25.6,,,2025-07-07T00:00:00+08:00,,,,225.0,11.1
,25.168595,121.538915,,,,0.0,1.0,0.0,1.0,1.0,1.0,0.5,1.0,1.0,A1A9S0,湖田國小,,,,2025-07-07T00:00:00+08:00,,,,,,
93.0,23.873803,120.581286,7.5,989.7,,0.0,3.0,1.5,3.0,57.0,85.0,2.5,2.5,3.0,467270,田中,0.0,24.1,2025-07-07T00:00:00+08:00,2025-07-07T00:00:00+08:00,,0,11-15,陰有雨,170.0,1.4
100.0,23.0395,121.175017,,977.5,137.0,0.0,40.0,1.0,137.0,145.0,145.0,6.5,16.0,137.0,C0S890,關山,,22.4,,2025-07-07T00:00:00+08:00,2025-07-07T00:00:00+08:00,,,,0.0,0.0
,24.968892,121.595301,,,,0.0,2.0,0.0,2.0,2.0,2.0,0.0,0.0,2.0,A1AD60,貓空,,,,2025-07-07T00:00:00+08:00,,,,,,
,23.311567,120.522264,,,,2.5,43.0,13.5,50.5,53.0,121.0,37.0,39.5,50.5,C1O870,大棟山,,,,2025-07-07T00:00:00+08:00,,,,,,
,25.163293,121.568014,,,,0.0,3.0,0.0,3.0,3.0,3.0,0.0,3.0,3.0,A1AD10,擎天崗,,,,2025-07-07T00:00:00+08:00,,,,,,
84.0,23.955116,120.662376,6.0,-99.0,,0.0,1.5,1.0,2.0,33.5,45.5,1.5,1.5,2.0,CAH010,國三N223K,-99.0,24.8,2025-07-07T00:00:00+08:00,2025-07-07T00:00:00+08:00,,-99,21-30,陰,160.0,2.0
80.0,25.113169,121.801147,9.1,-99.0,,0.0,9.0,0.0,9.0,9.0,9.0,0.0,8.0,9.0,C2A660,瑞芳,-99.0,27.2,2025-07-07T00:00:00+08:00,2025-07-07T00:00:00+08:00,,-99,-99,陰,150.0,3.1
88.0,25.055192,121.925264,,995.0,51.5,0.0,51.5,0.0,51.5,51.5,51.5,0.0,47.0,51.5,C0AJ90,澳底,,27.4,,2025-07-07T00:00:00+08:00,2025-07-07T00:00:00+08:00,,,,154.0,9.3
92.0,23.810742,120.6173,,984.3,4.0,0.5,4.0,2.5,4.0,35.5,86.0,3.5,3.5,4.0,C0G880,二水,,25.2,,2025-07-07T00:00:00+08:00,2025-07-07T00:00:00+08:00,,,,120.0,1.3
88.0,24.267064,121.000793,,771.5,5.5,0.0,5.5,1.5,5.5,6.0,7.0,3.0,3.0,5.5,C0FA60,鞍馬山工作站,,16.5,,2025-07-07T00:00:00+08:00,2025-07-07T00:00:00+08:00,,,,124.0,1.8
92.0,24.044302,120.381361,,993.3,1.5,0.5,1.5,1.0,1.5,33.5,58.0,1.5,1.5,1.5,C0G960,福寶,,26.1,,2025-07-07T00:00:00+08:00,2025-07-07T00:00:00+08:00,,,,147.0,3.7
99.0,23.345667,121.213164,,912.7,88.0,2.0,50.0,8.5,88.0,91.5,91.5,13.0,21.0,88.0,C0Z050,佳心,,19.4,,2025-07-07T00:00:00+08:00,2025-07-07T00:00:00+08:00,,,,0.0,0.0
92.0,23.468598,120.499369,15.6,-99.0,,2.5,30.0,14.5,32.5,32.5,95.5,26.5,28.5,32.5,CAL070,國三N295K,-99.0,25.3,2025-07-07T00:00:00+08:00,2025-07-07T00:00:00+08:00,,-99,2.5,陰有雨,110.0,6.4
95.0,24.449347,121.810219,,999.2,28.5,0.0,28.5,0.0,28.5,28.5,28.5,0.0,0.0,28.5,C0U770,南澳,,23.4,,2025-07-07T00:00:00+08:00,2025-07-07T00:00:00+08:00,,,,341.0,2.7
89.0,24.183494,120.48713,,992.6,1.0,0.0,0.5,0.5,1.0,59.0,84.0,0.5,0.5,1.0,C0G950,防潮門,,27.7,,2025-07-07T00:00:00+08:00,2025-07-07T00:00:00+08:00,,,,152.0,1.0
96.0,23.158558,121.400431,,999.1,167.0,3.0,92.0,13.0,167.0,167.0,169.5,18.5,23.0,167.0,C0SB70,小港漁港,,22.7,,2025-07-07T00:00:00+08:00,2025-07-07T00:00:00+08:00,,,,265.0,1.3
94.0,23.646064,120.431525,,986.9,26.5,0.5,25.0,16.0,26.5,47.0,82.5,22.0,23.5,26.5,C0K450,大埤,,23.3,,2025-07-07T00:00:00+08:00,2025-07-07T00:00:00+08:00,,,,65.0,11.3
98.0,24.6905,121.017189,,983.8,0.5,0.0,0.5,0.0,0.5,2.5,7.5,0.0,0.0,0.5,C0D430,峨眉,,24.0,,2025-07-07T00:00:00+08:00,2025-07-07T00:00:00+08:00,,,,0.0,0.0
,23.295556,121.266944,,,,0.0,39.0,1.0,85.0,86.0,86.0,2.0,10.0,85.0,01T220,卓麓(4),,,,2025-07-07T00:00:00+08:00,,,,,,
99.0,22.598,120.99775,2.4,-99.0,,0.5,71.0,0.5,207.5,266.5,266.5,9.0,15.5,207.5,E2S960,太麻里(2),-99.0,23.3,2025-07-07T00:00:00+08:00,2025-07-07T00:00:00+08:00,,-99,-99,陰有雨,360.0,0.5
93.0,24.183258,121.641899,,882.0,32.0,0.0,26.5,0.0,32.0,34.0,37.0,0.0,0.5,32.0,C0TA80,立霧山,,18.8,,2025-07-07T00:00:00+08:00,2025-07-07T00:00:00+08:00,,,,173.0,0.9
100.0,22.902581,121.084058,,974.6,171.5,2.0,49.5,4.0,171.5,181.5,181.5,22.5,29.0,171.5,C0S930,延平,,22.0,,2025-07-07T00:00:00+08:00,2025-07-07T00:00:00+08:00,,,,233.0,0.4
,23.268447,120.823556,,,,6.0,29.5,20.0,42.0,42.5,43.0,21.5,22.0,42.0,C1V200,梅山,,,,2025-07-07T00:00:00+08:00,,,,,,
94.0,24.103556,120.751061,5.0,-99.0,,0.0,1.0,0.0,1.0,14.5,27.5,0.5,0.5,1.0,C2F9A0,中竹林,-99.0,23.5,2025-07-07T00:00:00+08:00,2025-07-07T00:00:00+08:00,,-99,-99,陰,240.0,1.7
,23.496927,121.445929,,,,0.0,58.0,2.0,88.0,88.0,88.0,4.0,10.0,88.0,O1T800,奇美國小,,,,2025-07-07T00:00:00+08:00,,,,,,
,22.457746,120.922713,,,,0.0,87.0,0.5,255.5,355.0,356.0,12.5,23.0,255.5,81S880,愛國埔分校,,,,2025-07-07T00:00:00+08:00,,,,,,
,23.222178,120.400432,,,,0.0,81.0,10.0,91.0,109.0,149.0,65.0,76.0,91.0,01O750,王爺宮,,,,2025-07-07T00:00:00+08:00,,,,,,
84.0,22.003897,120.746339,11.4,1000.3,,0.0,19.0,0.0,202.0,300.5,327.5,2.5,2.5,202.0,467590,恆春,0.0,28.2,2025-07-07T00:00:00+08:00,2025-07-07T00:00:00+08:00,,0,>30,陰,230.0,4.5
100.0,24.753033,121.641303,,944.2,15.0,0.0,15.0,0.0,15.0,15.0,15.0,0.0,4.0,15.0,C0U520,雙連埤,,21.1,,2025-07-07T00:00:00+08:00,2025-07-07T00:00:00+08:00,,,,0.0,0.0
,25.288486,121.544109,,,,0.0,0.0,0.0,0.0,0.0,0.0,0.0,0.0,0.0,01A350,富貴角,,,,2025-07-07T00:00:00+08:00,,,,,,
,22.532409,120.954393,,,,0.0,89.0,0.0,253.0,322.0,323.0,10.0,25.0,253.0,O1S660,賓茂國小,,,,2025-07-07T00:00:00+08:00,,,,,,
91.0,22.584861,120.543442,,999.5,112.0,0.5,77.0,18.5,112.0,113.5,113.5,56.5,59.5,112.0,C0R650,竹田,,24.9,,2025-07-07T00:00:00+08:00,2025-07-07T00:00:00+08:00,,,,224.0,5.9
91.0,23.061614,120.298197,,995.3,114.5,1.5,101.5,19.5,114.5,115.5,134.5,58.0,89.5,114.5,C0O980,新市,,24.8,,2025-07-07T00:00:00+08:00,2025-07-07T00:00:00+08:00,,,,233.0,5.8
81.0,24.248517,120.903319,,892.3,1.5,0.0,1.0,0.5,1.5,3.5,24.0,1.0,1.0,1.5,C0F0C0,中坑,,22.2,,2025-07-07T00:00:00+08:00,2025-07-07T00:00:00+08:00,,,,0.0,0.0
,24.035,121.186111,,,,0.0,9.5,0.0,9.5,9.5,9.5,0.0,0.0,9.5,81HB20,廬山國小,,,,2025-07-07T00:00:00+08:00,,,,,,
98.0,22.660269,120.494027,12.4,-99.0,,2.5,97.5,31.5,126.5,127.0,127.0,75.5,86.5,126.5,C2R170,屏東,-99.0,24.1,2025-07-07T00:00:00+08:00,2025-07-07T00:00:00+08:00,,-99,-99,陰有雨,240.0,2.7
,24.600282,121.529309,,,,0.0,10.5,0.0,10.5,10.5,10.5,0.0,0.0,10.5,81U870,樂水分校,,,,2025-07-07T00:00:00+08:00,,,,,,
,25.028388,121.663304,,,,0.0,4.5,0.0,4.5,4.5,4.5,0.0,3.0,4.5,A1AD70,茶製場,,,,2025-07-07T00:00:00+08:00,,,,,,
98.0,23.583897,121.514806,,984.7,57.0,0.0,38.5,2.5,57.0,57.0,57.0,2.5,4.5,57.0,C0T9I0,豐濱,,22.8,,2025-07-07T00:00:00+08:00,2025-07-07T00:00:00+08:00,,,,214.0,2.0
,23.761508,120.832956,,,,0.5,3.5,1.5,4.5,7.0,10.0,1.5,1.5,4.5,C1I510,線浸林道,,,,2025-07-07T00:00:00+08:00,,,,,,
99.0,22.857861,120.516667,20.7,-99.0,,10.5,79.5,21.5,99.5,99.5,126.0,68.0,73.5,99.5,72V140,旗南農改,-99.0,24.3,2025-07-07T00:00:00+08:00,2025-07-07T00:00:00+08:00,,-99,-99,陰有雨,230.0,6.2
76.0,24.892936,121.324975,,978.5,0.0,0.0,0.0,0.0,0.0,0.0,0.0,0.0,0.0,0.0,C0C710,大溪永福,,26.2,,2025-07-07T00:00:00+08:00,2025-07-07T00:00:00+08:00,,,,158.0,0.3
95.0,22.081197,121.503117,,977.9,95.5,0.0,20.5,0.0,95.5,105.5,106.0,0.0,0.0,95.5,C0S910,蘭嶼燈塔,,26.6,,2025-07-07T00:00:00+08:00,2025-07-07T00:00:00+08:00,,,,15.0,3.0
,24.663333,121.397222,,,,0.0,2.5,0.0,2.5,2.5,2.5,0.0,0.0,2.5,81C790,華陵,,,,2025-07-07T00:00:00+08:00,,,,,,
99.0,23.183289,120.248611,,986.7,95.5,4.0,86.0,12.5,95.5,96.0,105.0,50.5,76.0,95.5,C0X120,麻豆,,24.0,,2025-07-07T00:00:00+08:00,2025-07-07T00:00:00+08:00,,,,251.0,9.8
99.0,22.693128,120.542622,,995.4,120.5,4.0,94.0,33.5,120.5,121.5,121.5,78.5,81.0,120.5,C0R480,長治,,25.2,,2025-07-07T00:00:00+08:00,2025-07-07T00:00:00+08:00,,,,194.0,4.6
99.0,23.690928,120.303619,,988.8,27.5,4.5,26.0,16.5,27.5,58.0,67.0,22.5,24.0,27.5,C0K430,褒忠,,23.0,,2025-07-07T00:00:00+08:00,2025-07-07T00:00:00+08:00,,,,254.0,0.7
94.0,24.388792,121.268675,,690.8,14.5,0.0,14.5,0.0,14.5,14.5,14.5,0.5,0.5,14.5,C0F9Z0,雪山東峰,,9.9,,2025-07-07T00:00:00+08:00,2025-07-07T00:00:00+08:00,,,,178.0,3.2
,22.545635,120.569592,,,,0.0,59.0,27.0,98.0,103.0,103.0,42.0,47.0,98.0,01R440,泗林,,,,2025-07-07T00:00:00+08:00,,,,,,
98.0,22.462467,120.440744,,999.7,98.5,1.5,56.0,14.0,98.5,104.0,104.0,29.0,32.5,98.5,C0R640,東港,,25.6,,2025-07-07T00:00:00+08:00,2025-07-07T00:00:00+08:00,,,,227.0,13.6
67.0,25.134937,121.364899,,990.1,0.0,0.0,0.0,0.0,0.0,0.0,0.0,0.0,0.0,0.0,C0AK10,太平里,,28.6,,2025-07-07T00:00:00+08:00,2025-07-07T00:00:00+08:00,,,,141.0,4.3
99.0,23.837053,120.701447,,974.7,3.0,0.5,2.5,1.5,3.0,21.0,25.5,2.5,2.5,3.0,C0I410,名間,,22.8,,2025-07-07T00:00:00+08:00,2025-07-07T00:00:00+08:00,,,,174.0,3.1
,23.424513,120.641716,,,,0.0,34.0,23.0,38.0,40.0,52.0,30.0,32.0,38.0,01L360,小公田(2),,,,2025-07-07T00:00:00+08:00,,,,,,
91.0,22.883208,120.327508,,995.7,-99.0,,,,,,,,,,C0V530,阿蓮,,24.7,,,2025-07-07T00:00:00+08:00,,,,226.0,9.3
86.0,25.965197,119.980686,,999.3,0.0,0.0,0.0,0.0,0.0,0.0,0.0,0.0,0.0,0.0,C0W110,東莒,,27.0,,2025-07-07T00:00:00+08:00,2025-07-07T00:00:00+08:00,,,,31.0,8.7
70.0,25.063861,121.340164,,966.9,0.0,0.0,0.0,0.0,0.0,0.0,0.0,0.0,0.0,0.0,C0C690,國一五楊N44K,,26.4,,2025-07-07T00:00:00+08:00,2025-07-07T00:00:00+08:00,,,,140.0,1.4
78.0,25.123697,121.862239,,993.2,27.0,0.0,27.0,0.0,27.0,27.0,27.5,0.0,25.0,27.0,C0AJ50,水湳洞,,28.1,,2025-07-07T00:00:00+08:00,2025-07-07T00:00:00+08:00,,,,183.0,13.5
,23.492153,120.753683,,,,3.5,20.5,11.0,26.0,59.5,88.0,13.5,14.5,26.0,C1M640,十字,,,,2025-07-07T00:00:00+08:00,,,,,,
95.0,24.218294,121.689142,,993.9,25.0,0.0,22.0,0.0,25.0,25.0,27.5,0.0,0.0,25.0,C0Z310,清水斷崖,,23.9,,2025-07-07T00:00:00+08:00,2025-07-07T00:00:00+08:00,,,,20.0,1.1
,23.105439,120.682922,,,,5.5,58.0,42.0,72.5,72.5,73.5,53.0,55.5,72.5,81V820,建山國小,,,,2025-07-07T00:00:00+08:00,,,,,,
,24.7798,121.497357,,,,0.0,4.0,0.0,4.0,4.0,4.0,0.0,0.0,4.0,01A430,福山(3),,,,2025-07-07T00:00:00+08:00,,,,,,
93.0,23.58565,120.408111,16.0,-99.0,,1.5,31.5,15.0,32.5,38.5,55.0,27.5,30.0,32.5,G2M350,溪口農場,-99.0,23.4,2025-07-07T00:00:00+08:00,2025-07-07T00:00:00+08:00,,-99,-99,陰有雨,70.0,9.5
64.0,24.407306,118.289281,9.3,998.6,,0.0,0.0,0.0,0.0,0.0,0.0,0.0,0.0,0.0,467110,金門,4.3,30.0,2025-07-07T00:00:00+08:00,2025-07-07T00:00:00+08:00,,0,>30,陰,10.0,2.7
98.0,23.097486,121.373428,3.3,997.0,,0.0,96.5,12.5,206.0,206.0,206.5,23.5,29.5,206.0,467610,成功,0.0,22.7,2025-07-07T00:00:00+08:00,2025-07-07T00:00:00+08:00,,0,11-15,陰,320.0,1.5
78.0,24.213106,120.703933,,972.3,0.0,0.0,0.0,0.0,0.0,22.5,70.5,0.0,0.0,0.0,C0F9O0,潭子,,26.7,,2025-07-07T00:00:00+08:00,2025-07-07T00:00:00+08:00,,,,195.0,1.0
96.0,23.460833,120.375833,33.1,-99.0,,0.5,43.0,10.0,46.5,61.5,91.5,38.0,40.5,46.5,CAL030,國一N268K,-99.0,25.0,2025-07-07T00:00:00+08:00,2025-07-07T00:00:00+08:00,,-99,-99,陰有雨,110.0,20.5
69.0,25.096356,121.516506,,990.8,0.0,0.0,0.0,0.0,0.0,0.0,0.0,0.0,0.0,0.0,C0A770,科教館,,28.8,,2025-07-07T00:00:00+08:00,2025-07-07T00:00:00+08:00,,,,75.0,3.5
,22.892785,120.404543,,,,0.0,107.0,6.0,127.0,127.0,135.0,63.0,95.0,127.0,01P280,古亭坑,,,,2025-07-07T00:00:00+08:00,,,,,,
,24.631499,121.474881,,,,0.0,8.0,0.0,8.0,8.0,8.5,0.0,0.5,8.0,21U110,池端,,,,2025-07-07T00:00:00+08:00,,,,,,
,22.598611,120.685278,,,,0.0,34.0,11.0,73.0,82.0,83.0,21.0,24.0,73.0,01Q960,泰武(2),,,,2025-07-07T00:00:00+08:00,,,,,,
,24.180853,120.848378,,,,0.0,0.5,0.5,0.5,0.5,24.0,0.5,0.5,0.5,C1F9G1,慶福山,,,,2025-07-07T00:00:00+08:00,,,,,,
95.0,24.266761,121.741031,,998.1,27.0,0.0,27.0,0.0,27.0,27.0,27.0,0.0,0.0,27.0,C0T9D0,和中,,23.3,,2025-07-07T00:00:00+08:00,2025-07-07T00:00:00+08:00,,,,276.0,1.6
100.0,22.761616,120.233925,,1000.1,120.0,0.5,91.0,8.0,120.0,120.0,120.0,29.5,66.5,120.0,C0V860,南寮,,25.3,,2025-07-07T00:00:00+08:00,2025-07-07T00:00:00+08:00,,,,243.0,15.3
79.0,25.133314,121.740475,11.7,993.5,,0.0,5.0,0.0,5.0,5.0,5.0,0.0,5.0,5.0,466940,基隆,3.4,28.0,2025-07-07T00:00:00+08:00,2025-07-07T00:00:00+08:00,,0,>30,陰,20.0,5.0
,23.587551,120.40001,,,,0.0,28.0,10.0,30.0,37.0,51.0,24.0,26.0,30.0,01M010,溪口(3),,,,2025-07-07T00:00:00+08:00,,,,,,
97.0,23.602469,120.707731,4.0,-99.0,,3.0,14.5,8.5,17.5,52.5,99.5,11.5,11.5,17.5,C2K610,草嶺石壁,-99.0,18.6,2025-07-07T00:00:00+08:00,2025-07-07T00:00:00+08:00,,-99,-99,陰有雨,20.0,1.8
99.0,23.880628,121.581981,,955.4,32.0,0.5,24.0,0.5,32.0,32.0,32.0,0.5,1.0,32.0,C0T9E0,大坑,,21.3,,2025-07-07T00:00:00+08:00,2025-07-07T00:00:00+08:00,,,,206.0,1.2
,25.010105,121.387637,,,,0.0,0.0,0.0,0.0,0.0,0.0,0.0,0.0,0.0,01C570,龍壽社區,,,,2025-07-07T00:00:00+08:00,,,,,,
98.0,23.988304,120.508092,7.5,-99.0,,0.0,1.5,1.0,1.5,85.5,116.5,1.5,1.5,1.5,CAG030,國一S207K,-99.0,24.8,2025-07-07T00:00:00+08:00,2025-07-07T00:00:00+08:00,,-99,7-10,陰,180.0,1.2
,24.943989,121.649599,,,,0.0,3.5,0.0,3.5,3.5,3.5,0.0,1.0,3.5,L1A820,十三股,,,,2025-07-07T00:00:00+08:00,,,,,,
99.0,23.762528,120.7405,4.0,-99.0,,0.5,4.0,1.5,4.5,9.5,36.0,2.5,2.5,4.5,82H840,凍頂茶改,-99.0,21.6,2025-07-07T00:00:00+08:00,2025-07-07T00:00:00+08:00,,-99,-99,陰有雨,180.0,1.3
,23.702777,120.762222,,,,0.0,0.0,0.0,0.0,0.0,0.0,0.0,0.0,0.0,81HB30,和雅茶園,,,,2025-07-07T00:00:00+08:00,,,,,,
94.0,24.037803,120.855072,,961.0,1.5,0.0,1.5,0.5,1.5,16.5,17.5,0.5,0.5,1.5,C0I420,國姓,,23.5,,2025-07-07T00:00:00+08:00,2025-07-07T00:00:00+08:00,,,,0.0,0.0
,24.1605,120.831961,,,,0.0,0.5,0.0,0.5,0.5,29.0,0.0,0.0,0.5,C1F9E1,龍安,,,,2025-07-07T00:00:00+08:00,,,,,,
92.0,24.137006,120.637969,,986.2,1.0,0.5,1.0,0.5,1.0,68.0,81.0,1.0,1.0,1.0,C0F9U0,南屯,,26.4,,2025-07-07T00:00:00+08:00,2025-07-07T00:00:00+08:00,,,,279.0,1.5
,24.254783,121.190261,,,,0.0,6.5,0.0,6.5,6.5,8.0,0.0,0.0,6.5,C1F9W0,德基,,,,2025-07-07T00:00:00+08:00,,,,,,
73.0,25.048711,121.550428,,992.2,0.0,0.0,0.0,0.0,0.0,0.0,0.0,0.0,0.0,0.0,C0AH70,松山,,28.9,,2025-07-07T00:00:00+08:00,2025-07-07T00:00:00+08:00,,,,71.0,5.2
,23.132568,121.122873,,,,0.0,43.0,6.0,108.0,120.0,120.0,17.0,27.0,108.0,01S440,新武(3),,,,2025-07-07T00:00:00+08:00,,,,,,
99.0,22.738578,120.446797,,997.1,174.5,0.5,149.0,5.5,174.5,175.0,183.5,94.5,134.0,174.5,C0V350,溪埔,,24.6,,2025-07-07T00:00:00+08:00,2025-07-07T00:00:00+08:00,,,,206.0,6.4
98.0,24.143186,121.284231,12.1,-99.0,,0.0,20.0,0.5,20.0,20.0,20.0,1.5,1.5,20.0,A0Z080,合歡山,-99.0,9.7,2025-07-07T00:00:00+08:00,2025-07-07T00:00:00+08:00,,-99,-99,陰,140.0,6.2
,25.113693,121.565711,,,,0.0,0.0,0.0,0.0,0.0,0.0,0.0,0.0,0.0,A1AC80,明德樂園,,,,2025-07-07T00:00:00+08:00,,,,,,
94.0,23.991861,121.537169,,940.7,27.5,0.0,26.5,0.0,27.5,27.5,27.5,0.0,0.5,27.5,C0T9B0,水源,,22.2,,2025-07-07T00:00:00+08:00,2025-07-07T00:00:00+08:00,,,,280.0,0.6
,22.526997,120.678346,,,,0.0,77.0,47.0,121.0,125.0,125.0,56.0,63.0,121.0,01Q350,新來義,,,,2025-07-07T00:00:00+08:00,,,,,,
,24.902389,121.649896,,,,0.0,5.5,0.0,5.5,5.5,5.5,0.0,1.0,5.5,L1A810,九芎根,,,,2025-07-07T00:00:00+08:00,,,,,,
,23.630394,120.615417,,,,0.0,7.0,2.0,8.0,98.0,226.0,5.0,6.0,8.0,01J960,大埔,,,,2025-07-07T00:00:00+08:00,,,,,,
,23.159204,120.764326,,,,6.0,39.0,26.5,52.5,55.5,57.5,32.0,33.5,52.5,81V950,桃源區公所,,,,2025-07-07T00:00:00+08:00,,,,,,
87.0,23.386047,120.477331,,983.1,51.0,1.0,47.0,15.5,51.0,93.0,107.0,44.0,46.0,51.0,C0X300,鹿寮,,24.6,,2025-07-07T00:00:00+08:00,2025-07-07T00:00:00+08:00,,,,163.0,5.8
-99.0,23.434056,120.727169,3.5,-99.0,,4.0,27.0,18.0,33.5,35.0,36.5,20.5,22.0,33.5,C2M940,日野賀,-99.0,18.8,2025-07-07T00:00:00+08:00,2025-07-07T00:00:00+08:00,,-99,-99,陰有雨,340.0,1.1
93.0,22.5434,120.461558,,1001.1,130.5,2.0,95.5,18.0,130.5,132.0,132.0,67.5,76.5,130.5,C0R560,新園,,26.4,,2025-07-07T00:00:00+08:00,2025-07-07T00:00:00+08:00,,,,210.0,6.2
,23.784838,120.86372,,,,0.0,2.5,0.5,3.5,3.5,3.5,0.5,0.5,3.5,81H970,永興國小,,,,2025-07-07T00:00:00+08:00,,,,,,
,23.639517,120.786444,,,,2.5,12.0,4.5,16.5,17.5,30.0,7.5,8.0,16.5,C1I470,杉林溪,,,,2025-07-07T00:00:00+08:00,,,,,,
96.0,24.081389,120.556667,5.8,-99.0,,0.5,1.5,0.5,1.5,58.5,62.5,1.0,1.0,1.5,A0G720,彰師大,-99.0,26.3,2025-07-07T00:00:00+08:00,2025-07-07T00:00:00+08:00,,-99,-99,陰有雨,340.0,1.7
96.0,23.610292,120.436867,15.0,-99.0,,0.5,23.0,12.0,24.5,34.0,49.5,19.5,21.5,24.5,CAL010,國一N250K,-99.0,24.2,2025-07-07T00:00:00+08:00,2025-07-07T00:00:00+08:00,,-99,-99,陰有雨,90.0,9.8
,24.257222,121.259166,,,,0.0,0.5,0.0,0.5,0.5,0.5,0.0,0.0,0.5,81F960,梨山部落,,,,2025-07-07T00:00:00+08:00,,,,,,
,24.182576,121.203514,,,,0.0,10.0,0.0,10.0,10.0,10.0,0.0,0.0,10.0,01H210,翠巒,,,,2025-07-07T00:00:00+08:00,,,,,,
97.0,23.478744,120.702264,19.6,-99.0,,2.5,25.5,15.5,31.5,33.5,73.0,20.0,21.5,31.5,C2M930,石卓,-99.0,17.5,2025-07-07T00:00:00+08:00,2025-07-07T00:00:00+08:00,,-99,-99,陰有雨,130.0,11.0
97.0,23.728081,120.787347,4.5,-99.0,,0.5,4.5,2.0,5.5,7.0,18.0,3.0,3.0,5.5,C2I090,鳳凰,-99.0,19.6,2025-07-07T00:00:00+08:00,2025-07-07T00:00:00+08:00,,-99,-99,陰有雨,200.0,0.9
96.0,22.463447,120.533892,,1001.7,91.5,0.5,47.0,15.5,91.5,101.5,102.0,22.0,25.0,91.5,C0R850,林邊,,25.4,,2025-07-07T00:00:00+08:00,2025-07-07T00:00:00+08:00,,,,251.0,5.8
,23.972525,120.678996,,,,0.0,1.0,0.0,1.0,31.0,37.0,1.0,1.0,1.0,01H630,草屯(4),,,,2025-07-07T00:00:00+08:00,,,,,,
80.0,21.945583,120.802167,13.1,-99.0,,0.0,26.0,0.0,234.0,344.0,362.0,10.5,10.5,234.0,B2Q810,恆春畜試,-99.0,27.8,2025-07-07T00:00:00+08:00,2025-07-07T00:00:00+08:00,,-99,-99,陰,240.0,6.0
99.0,23.572911,120.245956,,981.7,67.5,3.0,65.5,24.5,67.5,138.5,148.0,58.5,63.0,67.5,C0K510,水林,,22.9,,2025-07-07T00:00:00+08:00,2025-07-07T00:00:00+08:00,,,,57.0,12.4
,23.635204,121.530893,,,,0.0,33.0,1.0,51.5,51.5,52.0,1.0,2.5,51.5,81T870,東興部落,,,,2025-07-07T00:00:00+08:00,,,,,,
100.0,24.590269,121.412228,,822.0,11.0,0.0,11.0,0.0,11.0,11.0,11.5,0.0,0.5,11.0,C0UA10,鴛鴦湖,,15.6,,2025-07-07T00:00:00+08:00,2025-07-07T00:00:00+08:00,,,,338.0,1.0
95.0,22.701083,120.347722,,996.6,124.0,2.5,96.0,4.5,124.0,124.0,124.0,46.0,80.5,124.0,C0V680,仁武,,26.7,,2025-07-07T00:00:00+08:00,2025-07-07T00:00:00+08:00,,,,242.0,5.6
,23.417015,121.279375,,,,0.0,42.0,2.0,78.0,84.0,90.0,3.0,9.0,78.0,01T240,苗圃,,,,2025-07-07T00:00:00+08:00,,,,,,
96.0,22.0369,121.55843,23.4,965.6,,0.0,17.0,0.0,115.5,132.0,136.0,0.0,0.0,115.5,467620,蘭嶼,0.0,25.6,2025-07-07T00:00:00+08:00,2025-07-07T00:00:00+08:00,,0,21-30,陰,230.0,14.9
,24.613062,121.525585,,,,0.0,8.0,0.0,8.0,8.0,8.0,0.0,0.0,8.0,01U060,梵梵(2),,,,2025-07-07T00:00:00+08:00,,,,,,
93.0,24.273503,120.947617,2.7,-99.0,,0.0,1.0,0.5,1.5,6.5,18.5,0.5,0.5,1.5,C2FA00,烏石坑,-99.0,20.0,2025-07-07T00:00:00+08:00,2025-07-07T00:00:00+08:00,,-99,-99,陰,100.0,1.2
85.0,24.87667,121.0467,3.5,-99.0,,0.0,0.0,0.0,0.0,0.0,0.0,0.0,0.0,0.0,CAD030,國一S082K,-99.0,25.0,2025-07-07T00:00:00+08:00,2025-07-07T00:00:00+08:00,,-99,-99,陰,160.0,1.1
,22.428117,120.629228,,,,0.5,60.0,30.0,108.5,138.0,138.0,30.5,35.5,108.5,C1R250,力里,,,,2025-07-07T00:00:00+08:00,,,,,,
91.0,24.583486,120.885411,,986.3,0.0,0.0,0.0,0.0,0.0,17.5,32.5,0.0,0.0,0.0,C0E550,明德,,26.6,,2025-07-07T00:00:00+08:00,2025-07-07T00:00:00+08:00,,,,0.0,0.0
,23.986803,121.076117,,,,0.0,9.5,0.0,9.5,9.5,9.5,0.0,0.0,9.5,C1I330,楓樹林,,,,2025-07-07T00:00:00+08:00,,,,,,
,23.819722,121.473333,,,,0.0,22.0,0.0,28.5,28.5,28.5,0.0,0.5,28.5,81T850,溪口國小,,,,2025-07-07T00:00:00+08:00,,,,,,
99.0,22.646611,120.356083,16.0,-99.0,,0.0,125.5,5.0,158.5,158.5,158.5,55.0,100.0,158.5,G2P820,鳳山農試,-99.0,24.7,2025-07-07T00:00:00+08:00,2025-07-07T00:00:00+08:00,,-99,-99,陰,190.0,2.6
89.0,23.562643,120.665688,13.9,-99.0,,2.0,16.5,11.0,19.0,77.0,115.0,14.0,15.0,19.0,C2M960,外寮,-99.0,19.9,2025-07-07T00:00:00+08:00,2025-07-07T00:00:00+08:00,,-99,-99,陰有雨,110.0,7.1
85.0,22.826389,120.600806,,990.8,85.5,2.5,63.0,32.0,85.5,86.0,132.0,55.5,57.0,85.5,C0R470,高樹,,24.1,,2025-07-07T00:00:00+08:00,2025-07-07T00:00:00+08:00,,,,139.0,6.3
98.0,23.253328,120.375253,,986.0,95.5,9.0,87.0,24.5,95.5,101.5,136.5,72.0,83.5,95.5,C0X320,柳營,,23.4,,2025-07-07T00:00:00+08:00,2025-07-07T00:00:00+08:00,,,,204.0,22.8
88.0,24.849664,121.150789,,969.3,2.0,0.0,2.0,0.0,2.0,2.0,2.0,0.5,0.5,2.0,C0D480,打鐵坑,,23.3,,2025-07-07T00:00:00+08:00,2025-07-07T00:00:00+08:00,,,,21.0,0.3
83.0,24.848222,121.597992,,955.8,3.5,0.0,3.5,0.0,3.5,3.5,3.5,0.0,0.0,3.5,C0A570,桶後,,24.4,,2025-07-07T00:00:00+08:00,2025-07-07T00:00:00+08:00,,,,79.0,4.3
89.0,24.980444,121.951214,,998.3,64.5,0.0,64.5,0.0,64.5,64.5,65.0,0.0,56.5,64.5,C0UA90,石城,,27.3,,2025-07-07T00:00:00+08:00,2025-07-07T00:00:00+08:00,,,,145.0,3.1
61.0,24.033311,121.181808,,837.2,10.5,0.0,10.5,0.0,10.5,10.5,10.5,0.0,0.0,10.5,C0I010,廬山,,22.0,,2025-07-07T00:00:00+08:00,2025-07-07T00:00:00+08:00,,,,83.0,3.4
,25.029194,121.558106,,,,0.0,0.0,0.0,0.0,0.0,0.0,0.0,0.0,0.0,A1AA00,三興國小,,,,2025-07-07T00:00:00+08:00,,,,,,
98.0,23.730628,120.423903,8.6,-99.0,,2.5,16.5,12.5,16.5,113.0,165.0,15.0,16.0,16.5,A2K630,雲林臺大,-99.0,22.7,2025-07-07T00:00:00+08:00,2025-07-07T00:00:00+08:00,,-99,-99,陰有雨,90.0,4.3
98.0,21.966756,120.810269,,974.3,248.5,0.0,32.0,0.0,248.5,329.5,361.5,13.0,13.0,248.5,C0R690,墾丁,,25.2,,2025-07-07T00:00:00+08:00,2025-07-07T00:00:00+08:00,,,,195.0,3.2
,24.632808,121.160575,,,,0.0,2.5,0.0,2.5,4.5,10.0,0.0,0.0,2.5,C1D420,太閣南,,,,2025-07-07T00:00:00+08:00,,,,,,
100.0,22.588194,120.664944,,919.4,116.0,4.0,73.5,52.0,116.0,123.5,124.0,62.0,63.5,116.0,C0R600,舊泰武,,21.0,,2025-07-07T00:00:00+08:00,2025-07-07T00:00:00+08:00,,,,251.0,5.1
97.0,22.478475,120.943325,,959.3,250.5,0.0,88.5,0.5,250.5,340.0,343.5,6.0,17.0,250.5,C0S770,大溪山,,22.8,,2025-07-07T00:00:00+08:00,2025-07-07T00:00:00+08:00,,,,350.0,0.5
100.0,23.056805,120.095569,,992.8,51.5,2.0,37.0,14.0,51.5,60.5,60.5,19.0,26.5,51.5,C0N020,城西,,23.6,,2025-07-07T00:00:00+08:00,2025-07-07T00:00:00+08:00,,,,266.0,17.1
59.0,23.214972,120.135761,,984.7,92.0,6.5,80.0,14.5,92.0,94.0,96.0,43.0,69.5,92.0,C0X280,將軍,,-99.0,,2025-07-07T00:00:00+08:00,2025-07-07T00:00:00+08:00,,,,263.0,31.5
95.0,23.649797,120.315011,,986.2,33.0,2.5,31.5,17.0,33.0,89.5,91.5,27.0,29.5,33.0,C0K500,元長,,23.4,,2025-07-07T00:00:00+08:00,2025-07-07T00:00:00+08:00,,,,65.0,9.7
96.0,25.007606,122.002058,,987.1,53.0,0.0,53.0,0.0,53.0,53.0,53.0,0.0,50.0,53.0,C0A970,三貂角,,26.2,,2025-07-07T00:00:00+08:00,2025-07-07T00:00:00+08:00,,,,151.0,16.2
89.0,24.669039,121.832561,7.6,-99.0,,0.0,20.5,0.0,20.5,20.5,20.5,0.0,9.5,20.5,B2U990,宜蘭畜試,-99.0,26.6,2025-07-07T00:00:00+08:00,2025-07-07T00:00:00+08:00,,-99,-99,陰,150.0,1.8
100.0,24.962606,121.888875,,938.4,23.5,0.0,23.5,0.0,23.5,24.5,24.5,0.5,12.5,23.5,C0UA70,桃源谷,,23.2,,2025-07-07T00:00:00+08:00,2025-07-07T00:00:00+08:00,,,,151.0,9.8
,24.938878,121.355555,,,,0.0,0.0,0.0,0.0,0.0,0.0,0.0,0.0,0.0,01A220,三峽,,,,2025-07-07T00:00:00+08:00,,,,,,
,24.925692,121.446624,,,,0.0,0.0,0.0,0.0,0.0,0.0,0.0,0.0,0.0,81AI10,建安國小,,,,2025-07-07T00:00:00+08:00,,,,,,
96.0,24.2049,120.6552,4.8,-99.0,,0.0,0.5,0.5,0.5,46.5,114.0,0.5,0.5,0.5,CAF010,國一N174K,-99.0,26.3,2025-07-07T00:00:00+08:00,2025-07-07T00:00:00+08:00,,-99,21-30,陰,230.0,1.8
,23.443356,121.327375,,,,0.5,41.0,1.5,73.0,73.5,77.5,3.0,7.0,73.0,C1Z040,立山,,,,2025-07-07T00:00:00+08:00,,,,,,
70.0,25.006066,121.097072,,985.8,0.0,0.0,0.0,0.0,0.0,0.0,0.0,0.0,0.0,0.0,C0C750,新興坑尾,,27.1,,2025-07-07T00:00:00+08:00,2025-07-07T00:00:00+08:00,,,,64.0,3.0
,24.887277,121.421373,,,,0.0,0.0,0.0,0.0,1.0,1.0,0.0,0.0,0.0,01A210,大豹,,,,2025-07-07T00:00:00+08:00,,,,,,
95.0,22.802525,120.216369,,999.1,121.5,0.5,95.0,8.0,121.5,121.5,121.5,36.0,74.0,121.5,C0V870,文安,,25.4,,2025-07-07T00:00:00+08:00,2025-07-07T00:00:00+08:00,,,,231.0,17.6
,25.126667,121.390556,,,,0.0,0.0,0.0,0.0,0.0,0.0,0.0,0.0,0.0,81AH60,長坑國小,,,,2025-07-07T00:00:00+08:00,,,,,,
,24.066314,120.953395,,,,0.0,1.0,0.0,1.0,1.0,8.0,0.0,0.0,1.0,01H720,清流(1),,,,2025-07-07T00:00:00+08:00,,,,,,
99.0,23.411322,120.308333,,971.1,41.5,0.5,36.5,7.0,41.5,91.0,96.0,26.0,33.0,41.5,C0M780,鹿草,,23.8,,2025-07-07T00:00:00+08:00,2025-07-07T00:00:00+08:00,,,,40.0,16.4
,24.624996,121.751929,,,,0.0,14.0,0.0,14.0,14.0,14.0,0.0,3.0,14.0,01U120,新寮(1),,,,2025-07-07T00:00:00+08:00,,,,,,
86.0,24.633725,121.793697,,997.1,20.0,0.0,20.0,0.0,20.0,20.0,20.0,0.0,8.0,20.0,C0U910,冬山,,24.8,,2025-07-07T00:00:00+08:00,2025-07-07T00:00:00+08:00,,,,340.0,2.3
97.0,23.918333,120.885278,1.6,-99.0,,0.5,2.0,0.5,2.5,2.5,15.0,0.5,0.5,2.5,E2H360,蓮華池,-99.0,21.1,2025-07-07T00:00:00+08:00,2025-07-07T00:00:00+08:00,,-99,-99,陰有雨,120.0,0.5
95.0,23.761225,120.688156,,976.5,4.5,0.5,4.0,2.0,4.5,24.5,84.0,3.5,3.5,4.5,C0I110,竹山,,23.2,,2025-07-07T00:00:00+08:00,2025-07-07T00:00:00+08:00,,,,149.0,1.3
,23.563333,120.868728,,,,1.0,8.5,2.5,12.0,12.0,14.0,4.0,4.0,12.0,C1I340,新興橋,,,,2025-07-07T00:00:00+08:00,,,,,,
68.0,25.11575,121.492,10.6,-99.0,,0.0,0.0,0.0,0.0,0.0,0.0,0.0,0.0,0.0,G2AI50,台農院關渡站,-99.0,28.0,2025-07-07T00:00:00+08:00,2025-07-07T00:00:00+08:00,,-99,-99,陰,120.0,5.8
68.0,24.49999,121.08773,,758.3,4.0,0.0,4.0,0.0,4.0,4.0,7.0,0.0,0.0,4.0,C0D750,樂山林道6k,,17.5,,2025-07-07T00:00:00+08:00,2025-07-07T00:00:00+08:00,,,,54.0,3.5
-99.0,22.336306,120.621722,,-99.0,91.0,0.0,30.0,0.0,91.0,111.5,111.5,0.5,5.0,91.0,C0R940,加祿堂,,-99.0,,2025-07-07T00:00:00+08:00,2025-07-07T00:00:00+08:00,,,,-99.0,-99.0
87.0,24.105169,120.492131,,991.8,1.0,0.5,1.0,0.5,1.0,42.0,43.5,1.0,1.0,1.0,C0G9B0,和美,,26.8,,2025-07-07T00:00:00+08:00,2025-07-07T00:00:00+08:00,,,,220.0,3.4
76.0,25.223628,121.643967,,991.1,1.0,0.0,1.0,0.0,1.0,1.0,1.0,0.0,1.0,1.0,C0A940,金山,,27.3,,2025-07-07T00:00:00+08:00,2025-07-07T00:00:00+08:00,,,,179.0,2.5
,23.870853,121.508081,,,,0.0,22.5,0.0,28.5,28.5,28.5,0.0,0.5,28.5,C1Z120,壽豐,,,,2025-07-07T00:00:00+08:00,,,,,,
63.0,24.5362,121.1108,,847.4,3.5,0.0,3.0,0.0,3.5,6.0,12.0,0.0,0.0,3.5,C0D760,大坪苗圃,,20.4,,2025-07-07T00:00:00+08:00,2025-07-07T00:00:00+08:00,,,,191.0,0.9
68.0,24.939025,121.369728,,988.9,0.0,0.0,0.0,0.0,0.0,0.0,0.0,0.0,0.0,0.0,C0AC60,三峽,,30.1,,2025-07-07T00:00:00+08:00,2025-07-07T00:00:00+08:00,,,,86.0,2.7
94.0,22.674911,120.284911,,996.9,120.5,8.5,90.5,11.0,120.5,120.5,120.5,38.5,61.5,120.5,C0V810,左營,,24.5,,2025-07-07T00:00:00+08:00,2025-07-07T00:00:00+08:00,,,,259.0,8.4
,24.981493,121.580302,,,,0.0,1.5,0.0,1.5,1.5,1.5,0.5,0.5,1.5,A1AC40,指南里,,,,2025-07-07T00:00:00+08:00,,,,,,
,23.277581,120.916901,,,,0.0,37.0,5.0,66.0,78.0,78.0,14.0,21.0,66.0,01V070,天池,,,,2025-07-07T00:00:00+08:00,,,,,,
,23.263333,121.303056,,,,0.5,49.0,1.0,106.0,107.5,107.5,3.0,12.5,106.0,81T910,東里國中,,,,2025-07-07T00:00:00+08:00,,,,,,
67.0,25.11649,121.27551,11.9,-99.0,,0.0,0.0,0.0,0.0,0.0,0.0,0.0,0.0,0.0,CAC050,西濱S023K,-99.0,28.6,2025-07-07T00:00:00+08:00,2025-07-07T00:00:00+08:00,,-99,>30,陰,110.0,5.7
89.0,26.169467,119.923158,10.5,991.5,,0.0,0.0,0.0,0.0,0.0,0.0,0.0,0.0,-990.0,467990,馬祖,7.0,26.5,2025-07-07T00:00:00+08:00,2025-07-07T00:00:00+08:00,,0,21-30,陰,50.0,5.3
,24.700595,121.356813,,,,0.0,2.5,0.0,2.5,2.5,2.5,0.0,0.0,2.5,88C690,蘇樂,,,,2025-07-07T00:00:00+08:00,,,,,,
100.0,23.208717,121.262342,,977.4,98.0,0.0,36.5,1.0,98.0,98.0,98.0,3.0,11.0,98.0,C0Z020,明里,,22.3,,2025-07-07T00:00:00+08:00,2025-07-07T00:00:00+08:00,,,,295.0,0.9
,23.463619,120.954147,,,,1.0,26.0,5.0,44.0,53.5,54.5,9.5,11.5,44.0,C1V170,排雲,,,,2025-07-07T00:00:00+08:00,,,,,,
85.0,21.987777,120.709119,,999.9,177.5,0.0,23.5,0.0,177.5,279.5,301.5,1.5,1.5,177.5,C0R890,山海,,28.7,,2025-07-07T00:00:00+08:00,2025-07-07T00:00:00+08:00,,,,220.0,7.5
-99.0,23.9996,120.938739,-99.0,-99.0,,,,,,,,,,-99.0,C2H9J0,中台,-99.0,-99.0,2025-07-07T00:00:00+08:00,,,-99,-99,陰,-99.0,-99.0
-99.0,24.109231,121.326456,,-99.0,-99.0,,,,,,,,,,C0I540,奇萊稜線A,,-99.0,,,2025-07-07T00:00:00+08:00,,,,-99.0,-99.0
100.0,23.8119,121.441458,,981.7,29.0,0.0,22.0,0.5,29.0,29.0,29.0,0.5,1.0,29.0,C0T900,西林,,23.0,,2025-07-07T00:00:00+08:00,2025-07-07T00:00:00+08:00,,,,0.0,0.0
100.0,22.024633,120.69355,,984.3,157.5,0.0,33.5,0.0,157.5,251.0,265.0,4.5,4.5,157.5,C0R730,大坪頂,,26.1,,2025-07-07T00:00:00+08:00,2025-07-07T00:00:00+08:00,,,,48.0,1.6
100.0,22.99175,120.293525,,994.9,80.0,3.0,61.0,12.5,80.0,85.5,94.5,30.5,46.5,80.0,C0O990,媽廟,,24.1,,2025-07-07T00:00:00+08:00,2025-07-07T00:00:00+08:00,,,,220.0,2.9
,25.059541,121.820556,,,,0.0,18.0,1.0,18.0,18.0,18.0,1.0,13.0,18.0,01AF90,三貂嶺,,,,2025-07-07T00:00:00+08:00,,,,,,
,24.618333,121.285833,,,,0.0,8.5,0.0,8.5,8.5,8.5,0.0,0.0,8.5,81D770,秀巒國小,,,,2025-07-07T00:00:00+08:00,,,,,,
97.0,23.25727,119.66762,40.3,992.8,,3.5,120.0,13.0,132.5,135.5,149.5,66.0,96.5,132.5,467300,東吉島,0.0,25.2,2025-07-07T00:00:00+08:00,2025-07-07T00:00:00+08:00,,0,-99,陰有雨,300.0,17.2
,22.888028,120.737917,,,,5.5,68.5,54.5,95.5,95.5,95.5,64.5,65.5,95.5,C1V780,多納林道,,,,2025-07-07T00:00:00+08:00,,,,,,
,24.780225,121.180437,,,,0.0,0.0,0.0,0.0,1.0,1.0,0.0,0.0,0.0,01D300,關西(3),,,,2025-07-07T00:00:00+08:00,,,,,,
92.0,24.1081,120.434576,4.4,-99.0,,0.5,1.5,1.0,1.5,34.5,36.5,1.5,1.5,1.5,CAG070,西濱S173K,-99.0,27.3,2025-07-07T00:00:00+08:00,2025-07-07T00:00:00+08:00,,-99,-99,陰有雨,190.0,2.5
86.0,24.686369,121.797944,,998.8,18.0,0.0,18.0,0.0,18.0,18.0,18.0,0.0,6.5,18.0,C0U780,五結,,25.2,,2025-07-07T00:00:00+08:00,2025-07-07T00:00:00+08:00,,,,183.0,1.0
67.0,25.051478,121.446756,,992.4,0.0,0.0,0.0,0.0,0.0,0.0,0.0,0.0,0.0,0.0,C0ACA0,新莊,,28.9,,2025-07-07T00:00:00+08:00,2025-07-07T00:00:00+08:00,,,,57.0,1.6
87.0,23.222064,120.40085,,975.9,97.5,2.0,87.5,14.0,97.5,116.5,159.5,71.0,82.5,97.5,C0O840,王爺宮,,-99.0,,2025-07-07T00:00:00+08:00,2025-07-07T00:00:00+08:00,,,,204.0,12.6
,25.039991,121.619405,,,,0.0,1.5,0.0,1.5,1.5,1.5,0.0,0.5,1.5,A1AA70,舊莊國小,,,,2025-07-07T00:00:00+08:00,,,,,,
,22.766264,121.024368,,,,0.0,66.0,0.0,217.0,254.0,254.0,26.0,40.0,217.0,01S560,南鵝,,,,2025-07-07T00:00:00+08:00,,,,,,
,23.406728,120.654417,,,,5.0,34.5,23.5,38.5,39.0,53.0,29.5,32.0,38.5,C1M390,龍美,,,,2025-07-07T00:00:00+08:00,,,,,,
91.0,23.469889,120.259383,31.2,-99.0,,0.5,68.0,12.0,71.5,152.0,158.5,60.0,65.0,71.5,C2M920,朴子農改,-99.0,24.4,2025-07-07T00:00:00+08:00,2025-07-07T00:00:00+08:00,,-99,-99,陰有雨,-99.0,20.2
76.0,25.079422,121.57545,,993.0,0.5,0.0,0.5,0.0,0.5,0.5,0.5,0.0,0.5,0.5,C0A9F0,內湖,,28.7,,2025-07-07T00:00:00+08:00,2025-07-07T00:00:00+08:00,,,,105.0,2.8
60.0,24.423753,118.240186,,996.5,0.0,0.0,0.0,0.0,0.0,0.5,8.0,0.0,0.0,0.0,C0W240,九宮,,30.3,,2025-07-07T00:00:00+08:00,2025-07-07T00:00:00+08:00,,,,350.0,1.9
97.0,23.300997,120.110375,,970.2,72.5,1.5,66.5,3.5,72.5,130.0,131.5,57.5,61.0,72.5,C0N050,蚵寮,,24.7,,2025-07-07T00:00:00+08:00,2025-07-07T00:00:00+08:00,,,,310.0,42.3
95.0,23.416869,120.283061,31.2,-99.0,,0.0,64.0,6.5,67.5,133.0,141.5,53.0,60.5,67.5,72M700,嘉義分場,-99.0,24.3,2025-07-07T00:00:00+08:00,2025-07-07T00:00:00+08:00,,-99,-99,陰,140.0,13.0
99.0,23.455047,120.331439,,977.5,61.0,1.5,56.5,11.5,61.0,121.0,132.0,50.0,53.5,61.0,C0M680,太保,,23.8,,2025-07-07T00:00:00+08:00,2025-07-07T00:00:00+08:00,,,,125.0,5.4
,24.719092,121.283872,,,,0.0,1.5,0.0,1.5,4.5,5.0,0.0,0.0,1.5,C1D400,鳥嘴山,,,,2025-07-07T00:00:00+08:00,,,,,,
68.0,25.164889,121.448906,17.0,992.9,,0.0,0.0,0.0,0.0,0.5,0.5,0.0,0.0,-990.0,466900,淡水,5.4,28.9,2025-07-07T00:00:00+08:00,2025-07-07T00:00:00+08:00,,0,>30,陰,150.0,8.3
,22.926574,120.509127,,,,0.0,85.0,10.0,102.0,102.0,143.0,74.0,79.0,102.0,O1V820,圓富國中,,,,2025-07-07T00:00:00+08:00,,,,,,
93.0,24.422861,120.871833,3.3,-99.0,,0.0,0.0,0.0,0.0,28.5,59.0,0.0,0.0,0.0,K2E710,大湖分場,-99.0,23.0,2025-07-07T00:00:00+08:00,2025-07-07T00:00:00+08:00,,-99,-99,陰,-99.0,0.9
,24.890886,121.745559,,,,0.0,17.0,0.0,17.0,17.0,17.0,0.0,7.0,17.0,01A190,碧湖,,,,2025-07-07T00:00:00+08:00,,,,,,
,23.585344,120.180517,,,,4.0,69.0,23.0,72.0,114.5,117.0,60.5,65.5,72.0,C1K540,口湖,,,,2025-07-07T00:00:00+08:00,,,,,,
100.0,23.809928,121.539828,,947.4,32.0,0.0,21.0,0.0,32.0,32.0,32.0,0.0,0.5,32.0,C0T9A0,月眉山,,21.4,,2025-07-07T00:00:00+08:00,2025-07-07T00:00:00+08:00,,,,235.0,1.4
,23.525556,121.376111,,,,1.0,35.0,1.5,63.0,65.0,65.0,2.0,5.0,63.0,81T890,瑞北國小,,,,2025-07-07T00:00:00+08:00,,,,,,
99.0,22.783806,120.246361,,1000.7,119.0,1.5,92.0,12.5,119.0,119.0,119.0,37.0,68.0,119.0,C0V650,彌陀,,24.9,,2025-07-07T00:00:00+08:00,2025-07-07T00:00:00+08:00,,,,258.0,7.3
,22.809417,121.050528,,,,2.0,57.5,3.0,200.5,228.0,228.5,26.5,34.0,200.5,C1S860,利嘉,,,,2025-07-07T00:00:00+08:00,,,,,,
-99.0,24.414939,120.870872,3.2,-99.0,,0.0,0.0,0.0,0.0,28.5,69.5,0.0,0.0,0.0,C2E520,大湖,-99.0,23.2,2025-07-07T00:00:00+08:00,2025-07-07T00:00:00+08:00,,-99,-99,陰,80.0,0.4
,23.037536,121.301007,,,,0.0,72.0,2.0,205.0,207.0,207.0,12.0,20.0,205.0,01S870,北源,,,,2025-07-07T00:00:00+08:00,,,,,,
99.0,23.389125,120.716647,,852.6,39.5,4.0,31.5,22.0,39.5,44.5,64.5,25.5,27.0,39.5,C0M810,里佳,,17.9,,2025-07-07T00:00:00+08:00,2025-07-07T00:00:00+08:00,,,,273.0,2.4
98.0,23.630414,120.227125,,986.7,42.5,2.5,40.0,15.0,42.5,89.5,90.5,34.0,37.5,42.5,C0K280,四湖,,22.9,,2025-07-07T00:00:00+08:00,2025-07-07T00:00:00+08:00,,,,55.0,9.6
-99.0,25.117494,121.537169,,-99.0,0.0,0.0,0.0,0.0,0.0,0.0,0.0,0.0,0.0,0.0,C0A9C0,天母,,-99.0,,2025-07-07T00:00:00+08:00,2025-07-07T00:00:00+08:00,,,,-99.0,-99.0
79.0,25.074453,121.427281,,975.5,0.0,0.0,0.0,0.0,0.0,0.0,0.0,0.0,0.0,0.0,C0AI00,五股,,27.5,,2025-07-07T00:00:00+08:00,2025-07-07T00:00:00+08:00,,,,54.0,2.3
84.0,24.834444,121.066111,3.8,-99.0,,0.0,0.0,0.0,0.0,0.0,0.0,0.0,0.0,0.0,72D680,新埔工作站,-99.0,25.0,2025-07-07T00:00:00+08:00,2025-07-07T00:00:00+08:00,,-99,-99,陰,40.0,2.0
89.0,24.675456,121.794583,3.9,-99.0,,0.0,19.0,0.0,19.0,19.0,19.0,0.0,7.0,19.0,CAUB50,國五S047K,-99.0,24.3,2025-07-07T00:00:00+08:00,2025-07-07T00:00:00+08:00,,-99,-99,陰,220.0,2.1
96.0,21.975177,120.843919,,1000.9,214.0,0.0,27.0,0.0,214.0,259.0,276.0,10.5,10.5,214.0,C0R870,興海,,27.5,,2025-07-07T00:00:00+08:00,2025-07-07T00:00:00+08:00,,,,226.0,5.9
87.0,24.84444,121.0214,3.7,-99.0,,0.0,0.0,0.0,0.0,0.0,0.0,0.0,0.0,0.0,CAD040,國一S088K,-99.0,25.8,2025-07-07T00:00:00+08:00,2025-07-07T00:00:00+08:00,,-99,>30,陰,30.0,1.7
100.0,24.510856,121.608044,,804.8,16.0,0.0,16.0,0.0,16.0,16.0,17.0,0.5,0.5,16.0,C0U960,翠峰湖,,14.4,,2025-07-07T00:00:00+08:00,2025-07-07T00:00:00+08:00,,,,251.0,1.6
,23.274033,120.911764,,,,3.0,41.5,11.0,69.5,83.5,83.5,19.5,26.5,69.5,C1V190,南天池,,,,2025-07-07T00:00:00+08:00,,,,,,
100.0,23.77412,120.64061,4.5,-99.0,,1.0,4.5,3.0,5.0,43.5,146.0,4.5,4.5,5.0,CAJ010,國三N252K,-99.0,23.0,2025-07-07T00:00:00+08:00,2025-07-07T00:00:00+08:00,,-99,3-6,陰有雨,110.0,0.9
100.0,22.568,120.528,16.3,-99.0,,1.0,80.5,16.5,116.5,118.0,118.5,59.0,62.5,116.5,CAQ020,國三S415K,-99.0,25.3,2025-07-07T00:00:00+08:00,2025-07-07T00:00:00+08:00,,-99,3-6,陰有雨,210.0,8.1
,24.265689,121.001142,,,,0.0,5.0,1.0,5.0,5.5,6.0,3.0,3.0,5.0,C1F891,稍來,,,,2025-07-07T00:00:00+08:00,,,,,,
99.0,23.674194,120.255722,,987.9,34.5,4.0,33.0,17.5,34.5,62.0,66.5,27.5,30.0,34.5,C0K590,雲林東勢,,22.9,,2025-07-07T00:00:00+08:00,2025-07-07T00:00:00+08:00,,,,57.0,10.4
95.0,22.572152,120.311191,,999.4,135.5,0.0,101.0,10.0,135.5,135.5,135.5,33.5,59.0,135.5,C0V890,前鎮,,26.1,,2025-07-07T00:00:00+08:00,2025-07-07T00:00:00+08:00,,,,-99.0,-99.0
89.0,24.637056,120.864778,,991.9,0.0,0.0,0.0,0.0,0.0,5.5,7.5,0.0,0.0,0.0,C0E740,造橋,,25.4,,2025-07-07T00:00:00+08:00,2025-07-07T00:00:00+08:00,,,,185.0,0.4
69.0,24.96,121.4306,12.4,-99.0,,0.0,0.0,0.0,0.0,0.0,0.0,0.0,0.0,0.0,CAA060,國三S042K,-99.0,28.8,2025-07-07T00:00:00+08:00,2025-07-07T00:00:00+08:00,,-99,7-10,陰,70.0,4.5
,23.290374,120.496384,,,,0.0,64.0,21.0,71.0,80.0,213.0,60.0,62.0,71.0,01O200,北寮,,,,2025-07-07T00:00:00+08:00,,,,,,
,23.959722,120.686389,,,,0.5,2.0,1.0,2.0,31.0,39.0,1.5,1.5,2.0,81HA60,中興新村,,,,2025-07-07T00:00:00+08:00,,,,,,
99.0,23.719183,120.442036,,989.6,19.5,2.0,18.5,13.0,19.5,125.5,179.5,16.5,17.5,19.5,C0K330,虎尾,,22.9,,2025-07-07T00:00:00+08:00,2025-07-07T00:00:00+08:00,,,,117.0,3.4
70.0,24.505781,121.113921,,782.2,3.5,0.0,3.5,0.0,3.5,4.0,5.0,0.0,0.0,3.5,C0E960,觀霧分站,,17.1,,2025-07-07T00:00:00+08:00,2025-07-07T00:00:00+08:00,,,,139.0,1.2
96.0,22.893178,120.401947,,991.9,118.5,1.0,98.5,7.5,118.5,118.5,126.5,59.5,86.5,118.5,C0V370,古亭坑,,23.9,,2025-07-07T00:00:00+08:00,2025-07-07T00:00:00+08:00,,,,218.0,2.4
73.0,24.1512,121.201772,6.9,-99.0,,0.0,11.5,1.0,11.5,11.5,11.5,1.0,1.0,11.5,C2H9L0,馬烈霸,-99.0,17.7,2025-07-07T00:00:00+08:00,2025-07-07T00:00:00+08:00,,-99,-99,陰,10.0,2.9
100.0,24.791042,121.675047,,947.5,15.0,0.0,15.0,0.0,15.0,15.0,15.0,0.0,6.0,15.0,C0U870,大礁溪,,22.4,,2025-07-07T00:00:00+08:00,2025-07-07T00:00:00+08:00,,,,21.0,1.1
,23.75386,120.639013,,,,0.0,1.0,1.0,1.0,37.0,119.5,1.0,1.0,1.0,81K580,坪頂,,,,2025-07-07T00:00:00+08:00,,,,,,
100.0,24.841667,121.953133,,954.4,9.0,0.0,9.0,0.0,9.0,9.0,9.0,0.0,4.5,9.0,C0U750,龜山島,,24.1,,2025-07-07T00:00:00+08:00,2025-07-07T00:00:00+08:00,,,,166.0,8.5
,23.036563,120.708987,,,,0.0,15.5,0.0,35.0,36.5,36.5,10.5,13.0,35.0,81V940,寶山部落,,,,2025-07-07T00:00:00+08:00,,,,,,
95.0,24.853233,121.830797,,998.9,13.5,0.0,13.5,0.0,13.5,13.5,13.5,0.0,4.0,13.5,C0U860,頭城,,26.0,,2025-07-07T00:00:00+08:00,2025-07-07T00:00:00+08:00,,,,160.0,2.0
100.0,24.352825,121.308286,2.6,-99.0,,0.0,12.0,0.0,12.0,12.0,12.0,0.0,0.0,12.0,A0F010,武陵,-99.0,15.0,2025-07-07T00:00:00+08:00,2025-07-07T00:00:00+08:00,,-99,-99,陰,320.0,0.4
95.0,23.219681,120.497328,17.7,-99.0,,2.5,63.5,16.0,72.5,105.0,131.0,57.5,60.5,72.5,C2O810,曾文,-99.0,23.3,2025-07-07T00:00:00+08:00,2025-07-07T00:00:00+08:00,,-99,-99,陰有雨,180.0,5.0
91.0,23.946503,120.585597,,991.9,2.0,0.0,1.5,1.0,2.0,53.0,55.5,1.5,1.5,2.0,C0G650,員林,,-99.0,,2025-07-07T00:00:00+08:00,2025-07-07T00:00:00+08:00,,,,162.0,1.9
,24.646103,121.151106,,,,0.0,2.0,0.0,2.5,4.5,10.5,0.0,0.0,2.5,81D660,花園派出所,,,,2025-07-07T00:00:00+08:00,,,,,,
96.0,24.576533,121.495333,,957.2,9.5,0.0,9.5,0.0,9.5,9.5,9.5,0.0,0.0,9.5,C0UA00,土場,,22.0,,2025-07-07T00:00:00+08:00,2025-07-07T00:00:00+08:00,,,,0.0,0.0
,22.876332,120.327203,,,,0.0,118.0,5.0,137.0,137.0,138.0,48.0,99.0,137.0,01P500,阿蓮(2),,,,2025-07-07T00:00:00+08:00,,,,,,
100.0,23.212777,120.355833,35.7,-99.0,,6.5,75.0,24.0,83.5,109.0,153.5,56.5,70.5,83.5,CAN070,國三S329K,-99.0,23.3,2025-07-07T00:00:00+08:00,2025-07-07T00:00:00+08:00,,-99,<1,陰有雨,200.0,10.5
93.0,22.9077,120.3513,24.0,-99.0,,2.0,103.0,11.0,121.0,121.0,123.5,51.5,87.0,121.0,CAN100,國三S366K,-99.0,24.3,2025-07-07T00:00:00+08:00,2025-07-07T00:00:00+08:00,,-99,1.3,陰有雨,220.0,12.1
-99.0,23.076694,120.144861,23.8,-99.0,,4.0,113.5,33.5,129.0,141.5,141.5,66.0,98.5,129.0,C2O950,安南,-99.0,23.6,2025-07-07T00:00:00+08:00,2025-07-07T00:00:00+08:00,,-99,-99,陰有雨,260.0,9.6
,23.406364,120.603339,,,,9.5,54.0,40.5,57.0,60.0,111.5,51.5,53.0,57.0,C1M600,頭凍,,,,2025-07-07T00:00:00+08:00,,,,,,
,24.625286,121.148046,,,,0.0,4.0,0.0,4.0,6.0,11.0,0.0,0.0,4.0,01D100,太閣南,,,,2025-07-07T00:00:00+08:00,,,,,,
91.0,23.859914,120.637572,7.0,-99.0,,0.5,3.0,2.0,3.5,88.5,138.5,3.0,3.0,3.5,C2H9T0,名間竹圍,-99.0,22.6,2025-07-07T00:00:00+08:00,2025-07-07T00:00:00+08:00,,-99,-99,陰有雨,210.0,1.7
94.0,23.369892,120.248047,,965.4,87.5,0.0,81.5,2.5,87.5,177.5,193.0,58.0,77.5,87.5,C0M520,東後寮,,25.6,,2025-07-07T00:00:00+08:00,2025-07-07T00:00:00+08:00,,,,168.0,9.7
,24.989295,121.543203,,,,0.0,0.0,0.0,0.0,0.0,0.0,0.0,0.0,0.0,A1AG70,仙跡岩,,,,2025-07-07T00:00:00+08:00,,,,,,
,25.108056,121.814722,,,,0.0,3.0,0.0,3.0,3.0,3.0,0.0,2.0,3.0,NUP810,員山子,,,,2025-07-07T00:00:00+08:00,,,,,,
84.0,23.881325,120.90805,4.0,-99.0,,0.5,3.0,0.5,4.0,4.0,8.5,0.5,0.5,4.0,467650,日月潭,0.0,21.0,2025-07-07T00:00:00+08:00,2025-07-07T00:00:00+08:00,,0,3-6,陰有雨,330.0,0.5
,24.272392,120.849047,,,,0.0,0.5,0.5,0.5,6.5,75.0,0.5,0.5,0.5,C1F9F1,伯公龍,,,,2025-07-07T00:00:00+08:00,,,,,,
,22.305,120.644722,,,,5.5,41.5,8.0,111.5,152.0,152.0,8.5,13.0,111.5,81R660,內獅國小,,,,2025-07-07T00:00:00+08:00,,,,,,
90.0,24.375492,120.749184,3.2,-99.0,,0.0,0.5,0.0,0.5,60.5,80.0,0.5,0.5,0.5,CAE050,國一S152K,-99.0,24.3,2025-07-07T00:00:00+08:00,2025-07-07T00:00:00+08:00,,-99,11-15,陰,40.0,1.1
97.0,24.343922,121.656317,,936.1,21.5,0.0,21.5,0.0,21.5,21.5,21.5,0.0,0.0,21.5,C0Z220,和平林道,,20.8,,2025-07-07T00:00:00+08:00,2025-07-07T00:00:00+08:00,,,,210.0,0.7
,24.985827,121.887489,,,,0.0,49.0,0.0,49.0,51.0,51.0,0.0,37.0,49.0,O1AH30,吉林國小,,,,2025-07-07T00:00:00+08:00,,,,,,
87.0,24.193628,120.570311,3.9,-99.0,,0.0,0.5,0.5,0.5,59.0,91.5,0.5,0.5,0.5,CAF980,國三N183K,-99.0,26.2,2025-07-07T00:00:00+08:00,2025-07-07T00:00:00+08:00,,-99,7-10,陰有靄,180.0,2.4
96.0,24.686306,121.716583,3.1,-99.0,,0.0,10.5,0.0,10.5,10.5,10.5,0.0,1.5,10.5,72U480,蘭陽分場,-99.0,23.9,2025-07-07T00:00:00+08:00,2025-07-07T00:00:00+08:00,,-99,-99,陰,290.0,0.6
98.0,22.545064,120.392592,,995.1,169.5,2.0,131.0,22.5,169.5,170.5,170.5,60.5,104.0,169.5,C0V450,鳳森,,25.0,,2025-07-07T00:00:00+08:00,2025-07-07T00:00:00+08:00,,,,222.0,5.5
71.0,24.950281,121.196314,9.5,-99.0,,0.0,0.0,0.0,0.0,0.0,0.0,0.0,0.0,0.0,CAC760,國一高架N063K,-99.0,27.8,2025-07-07T00:00:00+08:00,2025-07-07T00:00:00+08:00,,-99,>30,陰,100.0,3.9
,23.769503,121.498653,,,,0.0,19.5,0.0,31.5,31.5,31.5,0.0,0.5,31.5,C1T920,中興,,,,2025-07-07T00:00:00+08:00,,,,,,
96.0,22.42565,120.49521,20.9,-99.0,,0.5,41.0,8.0,90.0,96.0,96.0,16.0,16.0,90.0,CAQ030,崎峰國小,-99.0,26.1,2025-07-07T00:00:00+08:00,2025-07-07T00:00:00+08:00,,-99,-99,陰有雨,240.0,10.6
86.0,24.75861,120.9608,3.7,-99.0,,0.0,0.0,0.0,0.0,2.5,2.5,0.0,0.0,0.0,CAD090,國三S103K,-99.0,25.5,2025-07-07T00:00:00+08:00,2025-07-07T00:00:00+08:00,,-99,7-10,陰,80.0,1.6
,23.107777,120.738611,,,,5.5,47.5,33.0,66.5,66.5,67.0,40.5,43.5,66.5,81V930,竹林,,,,2025-07-07T00:00:00+08:00,,,,,,
,23.044518,120.479345,,,,0.0,83.0,7.0,97.0,97.0,136.0,67.0,79.0,97.0,01N850,南化(2),,,,2025-07-07T00:00:00+08:00,,,,,,
98.0,23.828206,120.801467,,966.2,3.0,0.5,2.0,1.0,3.0,3.0,26.0,1.5,1.5,3.0,C0I380,集集,,23.0,,2025-07-07T00:00:00+08:00,2025-07-07T00:00:00+08:00,,,,0.0,0.0
85.0,21.945666,120.745705,,1000.7,141.5,0.0,17.0,0.0,141.5,212.0,234.0,3.5,3.5,141.5,C0R880,後壁湖,,28.2,,2025-07-07T00:00:00+08:00,2025-07-07T00:00:00+08:00,,,,203.0,8.8
-99.0,23.125608,120.203108,,-99.0,-99.0,,,,,,,,,,C0X140,西港,,-99.0,,,2025-07-07T00:00:00+08:00,,,,-99.0,-99.0
,25.154997,121.503915,,,,0.0,0.0,0.0,0.0,0.0,0.0,0.0,0.0,0.0,A1A9T0,大屯國小,,,,2025-07-07T00:00:00+08:00,,,,,,
,25.136892,121.588912,,,,0.0,1.5,0.0,1.5,1.5,1.5,0.0,1.5,1.5,A1AC90,溪山里,,,,2025-07-07T00:00:00+08:00,,,,,,
,23.535556,120.708889,,,,4.0,19.5,11.0,24.0,88.0,138.5,15.0,15.5,24.0,81M680,太和村,,,,2025-07-07T00:00:00+08:00,,,,,,
74.0,24.827853,121.014219,3.2,990.6,,0.0,0.0,0.0,0.0,0.0,0.0,0.0,0.0,-990.0,467571,新竹,2.2,27.3,2025-07-07T00:00:00+08:00,2025-07-07T00:00:00+08:00,,0,>30,陰,40.0,1.4
,24.971779,121.828198,,,,0.0,19.0,1.0,19.0,19.0,19.0,1.0,11.5,19.0,L1A840,太平,,,,2025-07-07T00:00:00+08:00,,,,,,
97.0,23.972169,120.952425,,945.6,0.0,0.0,0.0,0.0,0.0,0.0,5.5,0.0,0.0,0.0,C0H890,埔里,,23.3,,2025-07-07T00:00:00+08:00,2025-07-07T00:00:00+08:00,,,,185.0,0.3
,22.245154,120.835687,,,,0.0,96.0,0.0,418.0,555.0,595.0,5.0,14.0,418.0,01R000,壽卡,,,,2025-07-07T00:00:00+08:00,,,,,,
100.0,24.897536,121.792444,,889.7,26.0,0.0,23.5,0.5,26.0,29.5,31.0,1.5,12.5,26.0,C0U950,鶯子嶺,,20.3,,2025-07-07T00:00:00+08:00,2025-07-07T00:00:00+08:00,,,,122.0,16.6
,24.393125,121.347214,,,,0.0,13.0,0.0,13.0,13.0,15.5,0.0,0.0,13.0,C1U920,思源,,,,2025-07-07T00:00:00+08:00,,,,,,
98.0,24.60725,120.826094,,991.7,0.0,0.0,0.0,0.0,0.0,10.5,13.0,0.0,0.0,0.0,C0E870,高鐵苗栗,,26.3,,2025-07-07T00:00:00+08:00,2025-07-07T00:00:00+08:00,,,,173.0,0.4
69.0,24.973208,121.445169,,989.9,0.0,0.0,0.0,0.0,0.0,0.0,0.0,0.0,0.0,0.0,C0AD40,土城,,28.2,,2025-07-07T00:00:00+08:00,2025-07-07T00:00:00+08:00,,,,90.0,4.1
,23.793361,120.949378,,,,0.5,3.5,0.5,5.0,5.5,6.5,0.5,0.5,5.0,C1I150,青雲,,,,2025-07-07T00:00:00+08:00,,,,,,
96.0,23.701544,120.197547,,989.2,32.5,4.5,31.5,18.0,32.5,64.0,71.5,26.5,28.5,32.5,C0K530,臺西,,22.9,,2025-07-07T00:00:00+08:00,2025-07-07T00:00:00+08:00,,,,73.0,7.4
-99.0,24.226944,121.308522,-99.0,-99.0,,,,,,,,,,-99.0,E2HA20,畢祿溪站,-99.0,-99.0,2025-07-07T00:00:00+08:00,,,-99,-99,陰,-99.0,-99.0
100.0,22.454275,120.666219,,938.9,131.5,5.5,71.5,39.0,131.5,160.0,160.0,41.0,51.0,131.5,C0R820,白鷺,,22.0,,2025-07-07T00:00:00+08:00,2025-07-07T00:00:00+08:00,,,,224.0,2.2
88.0,24.524506,120.820831,3.7,-99.0,,0.0,0.0,0.0,0.0,24.0,26.5,0.0,0.0,0.0,CAE040,國一S132K,-99.0,25.8,2025-07-07T00:00:00+08:00,2025-07-07T00:00:00+08:00,,-99,7-10,陰,280.0,1.5
,23.265355,120.445893,,,,0.0,68.0,12.0,74.0,87.0,176.0,61.0,66.0,74.0,01O190,東原,,,,2025-07-07T00:00:00+08:00,,,,,,
68.0,25.064767,121.114858,,993.2,0.0,0.0,0.0,0.0,0.0,0.0,0.0,0.0,0.0,0.0,C0C740,觀音工業區,,28.4,,2025-07-07T00:00:00+08:00,2025-07-07T00:00:00+08:00,,,,66.0,4.9
53.0,23.963211,121.088264,11.8,-99.0,,0.0,7.5,0.0,7.5,7.5,7.5,0.0,0.0,7.5,C2H9P0,伊拿谷,-99.0,26.4,2025-07-07T00:00:00+08:00,2025-07-07T00:00:00+08:00,,-99,-99,陰,30.0,3.7
91.0,24.372178,120.583125,,992.4,0.5,0.0,0.5,0.5,0.5,10.5,13.5,0.5,0.5,0.5,C0FA20,溫寮,,27.1,,2025-07-07T00:00:00+08:00,2025-07-07T00:00:00+08:00,,,,17.0,3.0
89.0,23.973672,120.68085,,980.8,2.0,0.0,2.0,1.0,2.0,25.0,30.0,1.5,1.5,2.0,C0H960,草屯,,24.8,,2025-07-07T00:00:00+08:00,2025-07-07T00:00:00+08:00,,,,187.0,3.5
,23.666719,121.370128,,,,1.0,31.0,3.5,48.0,52.0,63.5,3.5,5.0,48.0,C1T950,太安,,,,2025-07-07T00:00:00+08:00,,,,,,
95.0,23.419719,120.388894,,978.9,50.0,1.0,45.0,10.0,50.0,73.5,109.5,39.5,43.0,50.0,C0M690,水上,,23.7,,2025-07-07T00:00:00+08:00,2025-07-07T00:00:00+08:00,,,,117.0,10.0
,24.182844,120.929889,,,,0.0,1.5,0.5,1.5,2.0,6.5,0.5,0.5,1.5,C1F9C1,白冷,,,,2025-07-07T00:00:00+08:00,,,,,,
,25.162299,121.54405,,,,0.0,0.0,0.0,0.0,0.0,0.0,0.0,0.0,0.0,01A420,竹子湖,,,,2025-07-07T00:00:00+08:00,,,,,,
,22.76625,120.64444,,,,0.0,58.0,34.0,86.0,87.0,88.0,48.0,50.0,86.0,01Q610,古夏,,,,2025-07-07T00:00:00+08:00,,,,,,
98.0,23.689694,120.851036,,939.8,6.0,0.0,4.5,1.0,6.0,7.5,16.5,1.5,1.5,6.0,C0I080,信義,,21.3,,2025-07-07T00:00:00+08:00,2025-07-07T00:00:00+08:00,,,,0.0,0.0
99.0,25.182586,121.529731,14.3,-99.0,,0.0,2.0,0.0,2.0,2.0,2.0,0.5,2.0,2.0,466910,鞍部,4.9,21.2,2025-07-07T00:00:00+08:00,2025-07-07T00:00:00+08:00,,0,>30,陰,190.0,5.4
,23.714206,121.373133,,,,1.0,23.0,1.5,34.0,40.0,40.0,1.5,2.5,34.0,C1T940,大觀,,,,2025-07-07T00:00:00+08:00,,,,,,
,24.87561,121.451992,,,,0.0,0.0,0.0,0.0,0.0,0.0,0.0,0.0,0.0,01AG10,熊空山,,,,2025-07-07T00:00:00+08:00,,,,,,
,25.103294,121.555611,,,,0.0,0.0,0.0,0.0,0.0,0.0,0.0,0.0,0.0,A1AA30,至善國中,,,,2025-07-07T00:00:00+08:00,,,,,,
94.0,24.00683,120.653214,5.0,-99.0,,0.5,1.5,1.0,1.5,39.5,41.0,1.5,1.5,1.5,CAH020,國三S217K,-99.0,25.2,2025-07-07T00:00:00+08:00,2025-07-07T00:00:00+08:00,,-99,-99,陰有雨,170.0,0.8
99.0,23.310694,120.316681,,976.0,75.5,1.0,69.5,9.0,75.5,113.0,142.5,50.0,65.0,75.5,C0X250,新營,,23.3,,2025-07-07T00:00:00+08:00,2025-07-07T00:00:00+08:00,,,,203.0,15.0
,23.279811,120.705319,,,,2.5,43.5,31.0,53.0,56.5,86.0,37.5,39.5,53.0,C1V160,達卡努瓦,,,,2025-07-07T00:00:00+08:00,,,,,,
89.0,22.35572,120.90374,5.9,999.9,,0.0,96.5,0.0,317.5,405.5,408.0,4.5,16.0,317.5,467540,大武,0.0,26.2,2025-07-07T00:00:00+08:00,2025-07-07T00:00:00+08:00,,0,-99,陰,220.0,1.8
95.0,23.633639,120.551889,8.0,983.7,,1.0,15.0,9.5,16.5,62.0,189.5,13.5,14.0,16.5,467290,古坑,0.1,23.1,2025-07-07T00:00:00+08:00,2025-07-07T00:00:00+08:00,,0,3-6,陰有雨,80.0,4.4
,23.615233,121.413331,,,,0.5,23.5,1.5,39.5,40.0,41.5,1.5,3.5,39.5,C1T970,大農,,,,2025-07-07T00:00:00+08:00,,,,,,
100.0,23.103439,120.086694,54.5,-99.0,,4.0,70.5,19.5,84.0,88.5,90.5,37.0,60.5,84.0,CAN120,西濱N304K,-99.0,23.7,2025-07-07T00:00:00+08:00,2025-07-07T00:00:00+08:00,,-99,1.4,陰有雨,280.0,30.1
96.0,23.126042,120.46055,19.1,-99.0,,3.0,82.0,15.5,93.0,93.5,169.0,71.0,79.0,93.0,C2O930,玉井,-99.0,23.6,2025-07-07T00:00:00+08:00,2025-07-07T00:00:00+08:00,,-99,-99,陰有雨,190.0,7.5
99.0,23.720575,120.541117,,988.3,14.0,2.0,13.0,9.5,14.0,83.0,138.5,12.0,12.5,14.0,C0K400,斗六,,22.9,,2025-07-07T00:00:00+08:00,2025-07-07T00:00:00+08:00,,,,140.0,3.0
99.0,22.730306,120.346639,,1000.0,155.0,11.5,126.5,21.0,155.0,155.0,155.0,59.0,100.5,155.0,C0V770,大社,,25.4,,2025-07-07T00:00:00+08:00,2025-07-07T00:00:00+08:00,,,,273.0,3.1
,24.637836,121.573656,,,,0.0,10.5,0.0,10.5,10.5,10.5,0.0,0.5,10.5,C1U501,牛鬥,,,,2025-07-07T00:00:00+08:00,,,,,,
91.0,23.512333,120.403038,23.7,-99.0,,1.0,43.5,16.5,46.0,55.0,89.0,39.0,42.5,46.0,CAL020,國一S262K,-99.0,25.6,2025-07-07T00:00:00+08:00,2025-07-07T00:00:00+08:00,,-99,3-6,陰有雨,90.0,12.8
100.0,22.084681,120.863353,,964.8,337.5,0.0,44.0,0.0,337.5,447.5,459.5,2.5,3.0,337.5,C0R760,南仁湖,,24.7,,2025-07-07T00:00:00+08:00,2025-07-07T00:00:00+08:00,,,,234.0,5.1
,22.657883,121.02325,,,,0.0,61.0,0.0,190.5,241.0,241.5,7.5,14.5,190.5,C1S800,華源,,,,2025-07-07T00:00:00+08:00,,,,,,
94.0,22.534361,120.54,,999.5,105.5,0.5,68.0,23.5,105.5,109.0,109.0,43.0,46.0,105.5,C0R220,潮州,,25.4,,2025-07-07T00:00:00+08:00,2025-07-07T00:00:00+08:00,,,,239.0,5.2
,24.236166,121.708898,,,,0.0,0.0,0.0,0.0,0.0,0.0,0.0,0.0,0.0,81T1B0,和仁車站,,,,2025-07-07T00:00:00+08:00,,,,,,
93.0,25.165914,121.632969,,957.5,2.0,0.0,2.0,0.0,2.0,2.0,2.0,0.0,2.0,2.0,C0A860,大坪,,24.2,,2025-07-07T00:00:00+08:00,2025-07-07T00:00:00+08:00,,,,180.0,1.7
,25.143993,121.566013,,,,0.0,1.0,0.0,1.0,1.0,1.0,0.0,1.0,1.0,A1AD00,菁山里,,,,2025-07-07T00:00:00+08:00,,,,,,
75.0,25.086594,121.472331,,992.0,0.0,0.0,0.0,0.0,0.0,0.0,0.0,0.0,0.0,0.0,C0AD30,蘆洲,,29.3,,2025-07-07T00:00:00+08:00,2025-07-07T00:00:00+08:00,,,,101.0,3.4
94.0,25.136097,121.426372,,928.8,0.0,0.0,0.0,0.0,0.0,0.0,0.0,0.0,0.0,0.0,C0AK30,硬漢嶺,,22.5,,2025-07-07T00:00:00+08:00,2025-07-07T00:00:00+08:00,,,,202.0,1.3
59.0,24.457703,118.328989,,997.4,0.0,0.0,0.0,0.0,0.0,0.0,13.5,0.0,0.0,0.0,C0W150,金寧,,30.5,,2025-07-07T00:00:00+08:00,2025-07-07T00:00:00+08:00,,,,11.0,3.1
,23.577934,120.301903,,,,0.0,29.0,8.0,30.0,126.0,137.0,25.0,27.0,30.0,O1J810,北港(2),,,,2025-07-07T00:00:00+08:00,,,,,,
87.0,23.495925,120.432906,22.2,986.0,,1.0,31.0,12.5,34.0,38.0,97.5,27.0,29.5,34.0,467480,嘉義,0.0,25.5,2025-07-07T00:00:00+08:00,2025-07-07T00:00:00+08:00,,0,3-6,陰有雨,120.0,11.6
98.0,22.594789,120.960825,,984.8,238.5,1.0,82.0,2.0,238.5,312.0,312.0,17.5,37.5,238.5,C0S920,金峰嘉蘭,,22.2,,2025-07-07T00:00:00+08:00,2025-07-07T00:00:00+08:00,,,,343.0,0.3
73.0,25.150211,121.403947,,988.7,0.0,0.0,0.0,0.0,0.0,0.0,0.0,0.0,0.0,0.0,C0AD10,八里,,30.0,,2025-07-07T00:00:00+08:00,2025-07-07T00:00:00+08:00,,,,120.0,8.4
100.0,24.971197,121.823711,,952.2,20.5,0.0,20.5,1.0,20.5,20.5,20.5,1.0,13.0,20.5,C0A550,泰平,,23.5,,2025-07-07T00:00:00+08:00,2025-07-07T00:00:00+08:00,,,,119.0,1.0
,24.023289,121.411328,,,,0.0,24.0,0.0,25.0,25.0,25.0,0.0,0.5,25.0,C1T980,龍澗,,,,2025-07-07T00:00:00+08:00,,,,,,
99.0,22.527306,120.625111,,993.0,104.0,5.0,58.5,37.5,104.0,109.0,109.0,43.0,45.0,104.0,C0R240,來義,,24.3,,2025-07-07T00:00:00+08:00,2025-07-07T00:00:00+08:00,,,,89.0,1.8
,23.819214,121.432069,,,,0.0,21.0,0.0,27.0,27.0,29.0,0.0,0.0,27.0,01T560,西林,,,,2025-07-07T00:00:00+08:00,,,,,,
,24.494522,121.536435,,,,0.0,16.0,0.0,16.0,16.0,16.0,0.0,0.0,16.0,01U560,太平山(1),,,,2025-07-07T00:00:00+08:00,,,,,,
86.0,25.08,121.6475,1.5,-99.0,,0.0,1.5,0.0,1.5,1.5,1.5,0.0,1.5,1.5,CAA030,國三S010K,-99.0,27.8,2025-07-07T00:00:00+08:00,2025-07-07T00:00:00+08:00,,-99,-99,陰,330.0,0.9
,24.469909,120.968785,,,,0.0,0.0,0.0,0.0,1.0,17.0,0.0,0.0,0.0,01E030,橫龍山,,,,2025-07-07T00:00:00+08:00,,,,,,
,24.573125,121.10352,,,,0.0,19.0,0.0,19.0,20.0,22.0,0.0,0.0,19.0,01D110,清泉,,,,2025-07-07T00:00:00+08:00,,,,,,
86.0,24.5958,120.7394,4.3,-99.0,,0.0,0.0,0.0,0.0,4.5,5.0,0.0,0.0,0.0,CAE100,西濱N107K,-99.0,26.4,2025-07-07T00:00:00+08:00,2025-07-07T00:00:00+08:00,,-99,16-20,陰,220.0,0.9
100.0,23.248397,120.986133,,765.7,85.0,2.0,38.0,7.5,85.0,112.5,121.0,16.5,23.5,85.0,C0S750,向陽,,13.8,,2025-07-07T00:00:00+08:00,2025-07-07T00:00:00+08:00,,,,331.0,0.4
65.0,24.985917,121.239833,8.4,-99.0,,0.0,0.0,0.0,0.0,0.0,0.0,0.0,0.0,0.0,A2C560,農工中心,-99.0,27.8,2025-07-07T00:00:00+08:00,2025-07-07T00:00:00+08:00,,-99,-99,陰,120.0,2.7
100.0,23.676986,120.163433,17.6,-99.0,,7.0,51.5,29.5,53.5,70.5,73.5,44.5,47.5,53.5,E2K600,四湖植物園,-99.0,22.8,2025-07-07T00:00:00+08:00,2025-07-07T00:00:00+08:00,,-99,-99,陰有雨,60.0,8.6
,23.949895,120.854392,,,,0.0,1.5,0.0,1.5,1.5,14.0,0.0,0.0,1.5,81I520,九份二山,,,,2025-07-07T00:00:00+08:00,,,,,,
,25.094893,121.56991,,,,0.0,0.0,0.0,0.0,0.0,0.0,0.0,0.0,0.0,A1AG80,金面山,,,,2025-07-07T00:00:00+08:00,,,,,,
100.0,23.502278,120.171861,35.3,-99.0,,1.5,81.5,14.5,85.5,160.5,170.5,70.5,78.0,85.5,CAL090,西濱S257K,-99.0,23.0,2025-07-07T00:00:00+08:00,2025-07-07T00:00:00+08:00,,-99,1.2,陰有雨,60.0,23.3
87.0,22.024403,120.839892,,996.0,232.0,0.0,31.0,0.0,232.0,321.0,346.5,5.0,5.5,232.0,C0R780,滿州,,27.3,,2025-07-07T00:00:00+08:00,2025-07-07T00:00:00+08:00,,,,216.0,6.1
78.0,23.48718,120.95943,28.8,-99.0,,0.5,18.0,2.5,29.5,32.5,32.5,5.5,7.0,29.5,467550,玉山,0.0,5.4,2025-07-07T00:00:00+08:00,2025-07-07T00:00:00+08:00,,0,-99,陰有雨,130.0,15.6
,24.115569,121.605006,,,,0.0,27.5,0.0,28.0,28.0,33.0,0.0,0.5,28.0,C1Z110,三棧,,,,2025-07-07T00:00:00+08:00,,,,,,
,23.955381,120.416991,,,,0.0,2.0,1.0,2.0,55.0,96.0,2.0,2.0,2.0,01G240,萬興(2),,,,2025-07-07T00:00:00+08:00,,,,,,
,25.054444,121.696389,,,,0.0,6.0,0.0,6.0,6.0,6.0,0.0,4.0,6.0,81AJ20,東山,,,,2025-07-07T00:00:00+08:00,,,,,,
,24.597043,121.00036,,,,0.0,1.0,0.0,1.0,5.0,80.0,0.0,0.0,1.0,01E170,南庄(1),,,,2025-07-07T00:00:00+08:00,,,,,,
99.0,23.340258,120.379661,29.7,-99.0,,1.5,60.0,9.5,66.0,84.0,127.0,51.5,57.5,66.0,A2N290,蘭花園區,-99.0,23.3,2025-07-07T00:00:00+08:00,2025-07-07T00:00:00+08:00,,-99,-99,陰有雨,170.0,13.7
97.0,23.011789,120.249453,21.3,-99.0,,2.0,136.5,26.5,152.5,154.0,159.5,85.5,119.5,152.5,CAN040,國一N323K,-99.0,24.1,2025-07-07T00:00:00+08:00,2025-07-07T00:00:00+08:00,,-99,-99,陰有雨,250.0,8.3
-99.0,23.740011,119.604189,-99.0,-99.0,,,,,,,,,,-99.0,A0W080,吉貝,-99.0,-99.0,2025-07-07T00:00:00+08:00,,,-99,-99,陰,-99.0,-99.0
99.0,22.682903,120.686639,,924.6,123.5,6.0,87.0,62.0,123.5,132.0,132.0,77.0,78.5,123.5,C0R140,瑪家,,21.0,,2025-07-07T00:00:00+08:00,2025-07-07T00:00:00+08:00,,,,323.0,4.7
93.0,24.711158,121.116933,,970.5,1.0,0.0,1.0,0.0,1.0,2.0,2.0,0.0,0.0,1.0,C0D540,橫山,,23.2,,2025-07-07T00:00:00+08:00,2025-07-07T00:00:00+08:00,,,,0.0,0.2
93.0,23.380564,119.494075,,991.4,86.5,0.5,78.5,2.5,86.5,94.0,94.0,16.0,62.5,86.5,C0W190,望安,,26.2,,2025-07-07T00:00:00+08:00,2025-07-07T00:00:00+08:00,,,,317.0,17.1
,23.5175,120.593333,,,,3.0,18.5,12.5,20.5,30.0,143.0,16.5,17.0,20.5,81M780,文峰遊客中心,,,,2025-07-07T00:00:00+08:00,,,,,,
,23.134911,120.716711,,,,4.0,43.5,31.0,57.5,57.5,57.5,38.5,41.0,57.5,C1V231,高中,,,,2025-07-07T00:00:00+08:00,,,,,,
70.0,24.93775,121.266389,8.2,-99.0,,0.0,0.0,0.0,0.0,0.0,0.0,0.0,0.0,0.0,V2C250,八德合作社,-99.0,27.7,2025-07-07T00:00:00+08:00,2025-07-07T00:00:00+08:00,,-99,-99,陰,70.0,3.7
83.0,24.307169,121.770069,,997.7,23.5,0.0,23.5,0.0,23.5,23.5,23.5,0.0,0.0,23.5,C0Z230,和平,,24.4,,2025-07-07T00:00:00+08:00,2025-07-07T00:00:00+08:00,,,,281.0,2.8
,24.767971,121.35156,,,,0.0,1.5,0.0,1.5,1.5,1.5,0.0,0.0,1.5,81C710,高坡國小,,,,2025-07-07T00:00:00+08:00,,,,,,
,24.279567,121.02549,,,,0.0,6.0,1.0,6.0,9.0,10.0,3.0,3.0,6.0,01F350,雪嶺,,,,2025-07-07T00:00:00+08:00,,,,,,
91.0,25.162078,121.544547,9.8,929.8,,0.0,1.0,0.0,1.0,1.0,1.0,0.5,1.0,1.0,466930,陽明山,4.8,23.3,2025-07-07T00:00:00+08:00,2025-07-07T00:00:00+08:00,,0,-99,陰,160.0,1.9
85.0,23.380864,120.167778,,963.9,88.5,0.0,82.5,4.0,88.5,134.5,151.5,53.0,76.0,88.5,C0M750,布袋,,27.0,,2025-07-07T00:00:00+08:00,2025-07-07T00:00:00+08:00,,,,70.0,3.2
99.0,23.924703,120.547533,,990.6,3.0,0.0,2.5,1.5,3.0,39.0,96.0,2.5,2.5,3.0,C0G920,永靖,,24.6,,2025-07-07T00:00:00+08:00,2025-07-07T00:00:00+08:00,,,,170.0,1.5
99.0,23.717231,120.190522,16.0,-99.0,,3.5,29.0,18.0,30.5,50.5,61.5,24.5,26.5,30.5,A2K360,臺西水試,-99.0,23.6,2025-07-07T00:00:00+08:00,2025-07-07T00:00:00+08:00,,-99,-99,陰有雨,60.0,6.7
99.0,22.991703,120.645722,21.7,-99.0,,4.5,57.5,33.5,74.5,78.5,83.5,51.0,54.5,74.5,E2P980,六龜林試,-99.0,22.9,2025-07-07T00:00:00+08:00,2025-07-07T00:00:00+08:00,,-99,-99,陰有雨,200.0,7.6
94.0,22.680555,120.328611,18.7,-99.0,,2.0,134.0,5.0,167.5,167.5,167.5,47.5,97.0,167.5,CAP040,國一N361K,-99.0,26.2,2025-07-07T00:00:00+08:00,2025-07-07T00:00:00+08:00,,-99,3-6,陰有雨,220.0,6.8
99.0,24.437419,121.381669,,876.4,9.5,0.0,9.5,0.0,9.5,9.5,9.5,0.0,0.0,9.5,C0U720,南山,,18.0,,2025-07-07T00:00:00+08:00,2025-07-07T00:00:00+08:00,,,,347.0,1.2
96.0,24.200172,120.815806,,937.3,0.5,0.0,0.5,0.0,0.5,2.0,66.5,0.5,0.5,0.5,C0F9V0,新社,,23.6,,2025-07-07T00:00:00+08:00,2025-07-07T00:00:00+08:00,,,,176.0,2.4
,23.330882,120.506972,,,,0.0,59.0,19.0,64.0,109.0,172.0,55.0,57.0,64.0,01O070,關子嶺(2),,,,2025-07-07T00:00:00+08:00,,,,,,
,24.942842,121.638556,,,,0.0,7.5,0.0,7.5,7.5,7.5,0.0,4.5,7.5,C1A760,坪林交控,,,,2025-07-07T00:00:00+08:00,,,,,,
92.0,24.312297,120.562242,,990.9,0.5,0.0,0.5,0.5,0.5,16.0,33.0,0.5,0.5,0.5,C0F9P0,清水,,26.9,,2025-07-07T00:00:00+08:00,2025-07-07T00:00:00+08:00,,,,32.0,1.7
,24.959713,121.53208,,,,0.0,0.5,0.0,0.5,0.5,0.5,0.0,0.5,0.5,81AH40,精忠,,,,2025-07-07T00:00:00+08:00,,,,,,
100.0,22.833111,120.683889,,893.0,112.5,7.0,76.5,57.5,112.5,113.0,113.5,69.0,70.0,112.5,C0R100,尾寮山,,20.2,,2025-07-07T00:00:00+08:00,2025-07-07T00:00:00+08:00,,,,196.0,2.9
100.0,22.076989,120.802439,,941.0,234.5,0.0,32.0,0.0,234.5,328.0,348.0,3.0,4.0,234.5,C0R750,四林格山,,23.4,,2025-07-07T00:00:00+08:00,2025-07-07T00:00:00+08:00,,,,241.0,11.2
99.0,22.598922,120.980044,1.8,-99.0,,0.5,75.0,0.5,210.0,287.5,287.5,10.5,23.0,210.0,E2S980,太麻里(1),-99.0,23.0,2025-07-07T00:00:00+08:00,2025-07-07T00:00:00+08:00,,-99,-99,陰有雨,180.0,0.3
95.0,22.739558,120.530778,,995.0,107.0,1.5,81.0,23.5,107.0,108.0,114.5,67.5,71.5,107.0,C0R160,鹽埔,,24.6,,2025-07-07T00:00:00+08:00,2025-07-07T00:00:00+08:00,,,,190.0,8.5
98.0,24.179597,121.495639,,944.2,21.5,0.0,21.5,0.0,21.5,21.5,21.5,0.0,0.0,21.5,C0T820,天祥,,21.1,,2025-07-07T00:00:00+08:00,2025-07-07T00:00:00+08:00,,,,0.0,0.0
,24.056661,120.911322,,,,0.0,1.5,0.5,1.5,13.5,30.0,0.5,0.5,1.5,81H960,北港國小,,,,2025-07-07T00:00:00+08:00,,,,,,
,24.397796,120.986018,,,,0.0,1.0,0.0,1.0,4.0,21.0,1.0,1.0,1.0,01E080,松安,,,,2025-07-07T00:00:00+08:00,,,,,,
